# Selection type : patch inlet
# Faces  :    30
# Area   :    2.540000e-05
# Time        	areaAverage(p)	areaAverage(U)
0             	0.000000e+00	(1.000000e+01 0.000000e+00 0.000000e+00)
0.000119048   	1.540370e+04	(1.000000e+01 0.000000e+00 0.000000e+00)
0.000183629   	-5.833770e+01	(1.000000e+01 0.000000e+00 0.000000e+00)
0.000244981   	7.890667e+01	(1.000000e+01 0.000000e+00 0.000000e+00)
0.000318327   	-1.607511e+01	(1.000000e+01 0.000000e+00 0.000000e+00)
0.000406343   	1.530909e+00	(1.000000e+01 0.000000e+00 0.000000e+00)
0.000508403   	-5.687813e+00	(1.000000e+01 0.000000e+00 0.000000e+00)
0.000612706   	-2.533364e+00	(1.000000e+01 0.000000e+00 0.000000e+00)
0.000718181   	-2.682185e+00	(1.000000e+01 0.000000e+00 0.000000e+00)
0.000824869   	-1.999565e+00	(1.000000e+01 0.000000e+00 0.000000e+00)
0.000934097   	-1.817321e+00	(1.000000e+01 0.000000e+00 0.000000e+00)
0.00104602    	-1.421492e+00	(1.000000e+01 0.000000e+00 0.000000e+00)
0.00116082    	-1.229548e+00	(1.000000e+01 0.000000e+00 0.000000e+00)
0.00127867    	-1.043977e+00	(1.000000e+01 0.000000e+00 0.000000e+00)
0.0013998     	-8.965169e-01	(1.000000e+01 0.000000e+00 0.000000e+00)
0.00152444    	-7.738533e-01	(1.000000e+01 0.000000e+00 0.000000e+00)
0.00165286    	-6.135531e-01	(1.000000e+01 0.000000e+00 0.000000e+00)
0.00178328    	-4.653694e-01	(1.000000e+01 0.000000e+00 0.000000e+00)
0.00191581    	-3.091328e-01	(1.000000e+01 0.000000e+00 0.000000e+00)
0.00205283    	-1.299750e-01	(1.000000e+01 0.000000e+00 0.000000e+00)
0.00219226    	-2.314554e-02	(1.000000e+01 0.000000e+00 0.000000e+00)
0.00233421    	1.848260e-01	(1.000000e+01 0.000000e+00 0.000000e+00)
0.00247617    	2.619667e-01	(1.000000e+01 0.000000e+00 0.000000e+00)
0.00262086    	4.406597e-01	(1.000000e+01 0.000000e+00 0.000000e+00)
0.00276844    	4.756940e-01	(1.000000e+01 0.000000e+00 0.000000e+00)
0.00291603    	5.884412e-01	(1.000000e+01 0.000000e+00 0.000000e+00)
0.00306675    	6.058265e-01	(1.000000e+01 0.000000e+00 0.000000e+00)
0.00321747    	5.778109e-01	(1.000000e+01 0.000000e+00 0.000000e+00)
0.00337162    	6.144093e-01	(1.000000e+01 0.000000e+00 0.000000e+00)
0.00352577    	6.090145e-01	(1.000000e+01 0.000000e+00 0.000000e+00)
0.00367992    	5.910831e-01	(1.000000e+01 0.000000e+00 0.000000e+00)
0.00383792    	5.631102e-01	(1.000000e+01 0.000000e+00 0.000000e+00)
0.00399592    	5.039967e-01	(1.000000e+01 0.000000e+00 0.000000e+00)
0.00415819    	4.462735e-01	(1.000000e+01 0.000000e+00 0.000000e+00)
0.00432047    	3.710563e-01	(1.000000e+01 0.000000e+00 0.000000e+00)
0.00448274    	2.779455e-01	(1.000000e+01 0.000000e+00 0.000000e+00)
0.00464993    	1.607607e-01	(1.000000e+01 0.000000e+00 0.000000e+00)
0.00481712    	5.468933e-02	(1.000000e+01 0.000000e+00 0.000000e+00)
0.00498431    	-8.105682e-02	(1.000000e+01 0.000000e+00 0.000000e+00)
0.00515726    	-2.227945e-01	(1.000000e+01 0.000000e+00 0.000000e+00)
0.00533022    	-3.607797e-01	(1.000000e+01 0.000000e+00 0.000000e+00)
0.00550317    	-5.122213e-01	(1.000000e+01 0.000000e+00 0.000000e+00)
0.00567613    	-6.664282e-01	(1.000000e+01 0.000000e+00 0.000000e+00)
0.00584908    	-8.258377e-01	(1.000000e+01 0.000000e+00 0.000000e+00)
0.00602956    	-1.011659e+00	(1.000000e+01 0.000000e+00 0.000000e+00)
0.00621003    	-1.180698e+00	(1.000000e+01 0.000000e+00 0.000000e+00)
0.00639051    	-1.345997e+00	(1.000000e+01 0.000000e+00 0.000000e+00)
0.00657098    	-1.528021e+00	(1.000000e+01 0.000000e+00 0.000000e+00)
0.00675146    	-1.697810e+00	(1.000000e+01 0.000000e+00 0.000000e+00)
0.00693193    	-1.858032e+00	(1.000000e+01 0.000000e+00 0.000000e+00)
0.00712369    	-2.108232e+00	(1.000000e+01 0.000000e+00 0.000000e+00)
0.00731544    	-2.222117e+00	(1.000000e+01 0.000000e+00 0.000000e+00)
0.00750719    	-2.450112e+00	(1.000000e+01 0.000000e+00 0.000000e+00)
0.00769895    	-2.557875e+00	(1.000000e+01 0.000000e+00 0.000000e+00)
0.0078907     	-2.752866e+00	(1.000000e+01 0.000000e+00 0.000000e+00)
0.00808246    	-2.870536e+00	(1.000000e+01 0.000000e+00 0.000000e+00)
0.00827421    	-3.045951e+00	(1.000000e+01 0.000000e+00 0.000000e+00)
0.00846597    	-3.147605e+00	(1.000000e+01 0.000000e+00 0.000000e+00)
0.00865772    	-3.322069e+00	(1.000000e+01 0.000000e+00 0.000000e+00)
0.00884947    	-3.410620e+00	(1.000000e+01 0.000000e+00 0.000000e+00)
0.00904123    	-3.578841e+00	(1.000000e+01 0.000000e+00 0.000000e+00)
0.00923298    	-3.653962e+00	(1.000000e+01 0.000000e+00 0.000000e+00)
0.00942474    	-3.816075e+00	(1.000000e+01 0.000000e+00 0.000000e+00)
0.00961649    	-3.873504e+00	(1.000000e+01 0.000000e+00 0.000000e+00)
0.00980825    	-4.038842e+00	(1.000000e+01 0.000000e+00 0.000000e+00)
0.01          	-4.081576e+00	(1.000000e+01 0.000000e+00 0.000000e+00)
0.0102174     	-4.283022e+00	(1.000000e+01 0.000000e+00 0.000000e+00)
0.0104348     	-4.305357e+00	(1.000000e+01 0.000000e+00 0.000000e+00)
0.0106572     	-4.495760e+00	(1.000000e+01 0.000000e+00 0.000000e+00)
0.0108797     	-4.522638e+00	(1.000000e+01 0.000000e+00 0.000000e+00)
0.0111021     	-4.664953e+00	(1.000000e+01 0.000000e+00 0.000000e+00)
0.0113303     	-4.612950e+00	(1.000000e+01 0.000000e+00 0.000000e+00)
0.0115584     	-4.908763e+00	(1.000000e+01 0.000000e+00 0.000000e+00)
0.0117866     	-4.813458e+00	(1.000000e+01 0.000000e+00 0.000000e+00)
0.0120147     	-5.056213e+00	(1.000000e+01 0.000000e+00 0.000000e+00)
0.0122496     	-4.901281e+00	(1.000000e+01 0.000000e+00 0.000000e+00)
0.0124844     	-5.266119e+00	(1.000000e+01 0.000000e+00 0.000000e+00)
0.0127193     	-5.056144e+00	(1.000000e+01 0.000000e+00 0.000000e+00)
0.0129542     	-5.308083e+00	(1.000000e+01 0.000000e+00 0.000000e+00)
0.013189      	-5.223856e+00	(1.000000e+01 0.000000e+00 0.000000e+00)
0.0134239     	-5.475247e+00	(1.000000e+01 0.000000e+00 0.000000e+00)
0.0136675     	-5.215086e+00	(1.000000e+01 0.000000e+00 0.000000e+00)
0.013911      	-5.569237e+00	(1.000000e+01 0.000000e+00 0.000000e+00)
0.0141546     	-5.374250e+00	(1.000000e+01 0.000000e+00 0.000000e+00)
0.0143981     	-5.711892e+00	(1.000000e+01 0.000000e+00 0.000000e+00)
0.0146417     	-5.335521e+00	(1.000000e+01 0.000000e+00 0.000000e+00)
0.0148852     	-5.765075e+00	(1.000000e+01 0.000000e+00 0.000000e+00)
0.0151288     	-5.481016e+00	(1.000000e+01 0.000000e+00 0.000000e+00)
0.0153724     	-5.875383e+00	(1.000000e+01 0.000000e+00 0.000000e+00)
0.0156159     	-5.431585e+00	(1.000000e+01 0.000000e+00 0.000000e+00)
0.0158595     	-5.892999e+00	(1.000000e+01 0.000000e+00 0.000000e+00)
0.016103      	-5.564650e+00	(1.000000e+01 0.000000e+00 0.000000e+00)
0.0163466     	-5.970827e+00	(1.000000e+01 0.000000e+00 0.000000e+00)
0.0165902     	-5.506273e+00	(1.000000e+01 0.000000e+00 0.000000e+00)
0.0168337     	-5.953517e+00	(1.000000e+01 0.000000e+00 0.000000e+00)
0.0170773     	-5.632530e+00	(1.000000e+01 0.000000e+00 0.000000e+00)
0.0173208     	-5.998399e+00	(1.000000e+01 0.000000e+00 0.000000e+00)
0.0175644     	-5.566826e+00	(1.000000e+01 0.000000e+00 0.000000e+00)
0.017808      	-5.941628e+00	(1.000000e+01 0.000000e+00 0.000000e+00)
0.0180515     	-5.690051e+00	(1.000000e+01 0.000000e+00 0.000000e+00)
0.0182951     	-5.957380e+00	(1.000000e+01 0.000000e+00 0.000000e+00)
0.0185386     	-5.618914e+00	(1.000000e+01 0.000000e+00 0.000000e+00)
0.0187822     	-5.881951e+00	(1.000000e+01 0.000000e+00 0.000000e+00)
0.0190258     	-5.729493e+00	(1.000000e+01 0.000000e+00 0.000000e+00)
0.0192693     	-5.886231e+00	(1.000000e+01 0.000000e+00 0.000000e+00)
0.0195129     	-5.645020e+00	(1.000000e+01 0.000000e+00 0.000000e+00)
0.0197564     	-5.899391e+00	(1.000000e+01 0.000000e+00 0.000000e+00)
0.02          	-5.708124e+00	(1.000000e+01 0.000000e+00 0.000000e+00)
0.0202564     	-5.760019e+00	(1.000000e+01 0.000000e+00 0.000000e+00)
0.0205128     	-5.753429e+00	(1.000000e+01 0.000000e+00 0.000000e+00)
0.0207692     	-5.768564e+00	(1.000000e+01 0.000000e+00 0.000000e+00)
0.0210256     	-5.630399e+00	(1.000000e+01 0.000000e+00 0.000000e+00)
0.0212821     	-5.780309e+00	(1.000000e+01 0.000000e+00 0.000000e+00)
0.0215385     	-5.666435e+00	(1.000000e+01 0.000000e+00 0.000000e+00)
0.0217949     	-5.634110e+00	(1.000000e+01 0.000000e+00 0.000000e+00)
0.0220513     	-5.681217e+00	(1.000000e+01 0.000000e+00 0.000000e+00)
0.0223077     	-5.646482e+00	(1.000000e+01 0.000000e+00 0.000000e+00)
0.0225641     	-5.545326e+00	(1.000000e+01 0.000000e+00 0.000000e+00)
0.0228205     	-5.641620e+00	(1.000000e+01 0.000000e+00 0.000000e+00)
0.0230769     	-5.570848e+00	(1.000000e+01 0.000000e+00 0.000000e+00)
0.0233333     	-5.494167e+00	(1.000000e+01 0.000000e+00 0.000000e+00)
0.0235897     	-5.571982e+00	(1.000000e+01 0.000000e+00 0.000000e+00)
0.0238462     	-5.514419e+00	(1.000000e+01 0.000000e+00 0.000000e+00)
0.0241026     	-5.427786e+00	(1.000000e+01 0.000000e+00 0.000000e+00)
0.024359      	-5.511665e+00	(1.000000e+01 0.000000e+00 0.000000e+00)
0.0246154     	-5.452805e+00	(1.000000e+01 0.000000e+00 0.000000e+00)
0.0248718     	-5.453848e+00	(1.000000e+01 0.000000e+00 0.000000e+00)
0.0251282     	-5.348833e+00	(1.000000e+01 0.000000e+00 0.000000e+00)
0.0253846     	-5.442213e+00	(1.000000e+01 0.000000e+00 0.000000e+00)
0.025641      	-5.384424e+00	(1.000000e+01 0.000000e+00 0.000000e+00)
0.0258974     	-5.386912e+00	(1.000000e+01 0.000000e+00 0.000000e+00)
0.0261538     	-5.282358e+00	(1.000000e+01 0.000000e+00 0.000000e+00)
0.0264103     	-5.377646e+00	(1.000000e+01 0.000000e+00 0.000000e+00)
0.0266667     	-5.323509e+00	(1.000000e+01 0.000000e+00 0.000000e+00)
0.0269231     	-5.328937e+00	(1.000000e+01 0.000000e+00 0.000000e+00)
0.0271795     	-5.227579e+00	(1.000000e+01 0.000000e+00 0.000000e+00)
0.0274359     	-5.318938e+00	(1.000000e+01 0.000000e+00 0.000000e+00)
0.0276923     	-5.272630e+00	(1.000000e+01 0.000000e+00 0.000000e+00)
0.0279487     	-5.277538e+00	(1.000000e+01 0.000000e+00 0.000000e+00)
0.0282051     	-5.181135e+00	(1.000000e+01 0.000000e+00 0.000000e+00)
0.0284615     	-5.284896e+00	(1.000000e+01 0.000000e+00 0.000000e+00)
0.0287179     	-5.238740e+00	(1.000000e+01 0.000000e+00 0.000000e+00)
0.0289744     	-5.248186e+00	(1.000000e+01 0.000000e+00 0.000000e+00)
0.0292308     	-5.153186e+00	(1.000000e+01 0.000000e+00 0.000000e+00)
0.0294872     	-5.258124e+00	(1.000000e+01 0.000000e+00 0.000000e+00)
0.0297436     	-5.212523e+00	(1.000000e+01 0.000000e+00 0.000000e+00)
0.03          	-5.227043e+00	(1.000000e+01 0.000000e+00 0.000000e+00)
0.0302564     	-5.072687e+00	(1.000000e+01 0.000000e+00 0.000000e+00)
0.0305128     	-5.250311e+00	(1.000000e+01 0.000000e+00 0.000000e+00)
0.0307692     	-5.130233e+00	(1.000000e+01 0.000000e+00 0.000000e+00)
0.0310256     	-5.244528e+00	(1.000000e+01 0.000000e+00 0.000000e+00)
0.0312821     	-5.033114e+00	(1.000000e+01 0.000000e+00 0.000000e+00)
0.0315385     	-5.267766e+00	(1.000000e+01 0.000000e+00 0.000000e+00)
0.0317949     	-5.094097e+00	(1.000000e+01 0.000000e+00 0.000000e+00)
0.0320513     	-5.233038e+00	(1.000000e+01 0.000000e+00 0.000000e+00)
0.0323077     	-5.017073e+00	(1.000000e+01 0.000000e+00 0.000000e+00)
0.0325641     	-5.253505e+00	(1.000000e+01 0.000000e+00 0.000000e+00)
0.0328205     	-5.085051e+00	(1.000000e+01 0.000000e+00 0.000000e+00)
0.0330769     	-5.218518e+00	(1.000000e+01 0.000000e+00 0.000000e+00)
0.0333333     	-5.005896e+00	(1.000000e+01 0.000000e+00 0.000000e+00)
0.0335897     	-5.241292e+00	(1.000000e+01 0.000000e+00 0.000000e+00)
0.0338462     	-5.072142e+00	(1.000000e+01 0.000000e+00 0.000000e+00)
0.0341026     	-5.203574e+00	(1.000000e+01 0.000000e+00 0.000000e+00)
0.034359      	-5.086049e+00	(1.000000e+01 0.000000e+00 0.000000e+00)
0.0346154     	-5.093043e+00	(1.000000e+01 0.000000e+00 0.000000e+00)
0.0348718     	-5.122962e+00	(1.000000e+01 0.000000e+00 0.000000e+00)
0.0351282     	-5.144979e+00	(1.000000e+01 0.000000e+00 0.000000e+00)
0.0353846     	-5.096718e+00	(1.000000e+01 0.000000e+00 0.000000e+00)
0.035641      	-5.143577e+00	(1.000000e+01 0.000000e+00 0.000000e+00)
0.0358974     	-4.995693e+00	(1.000000e+01 0.000000e+00 0.000000e+00)
0.0361538     	-5.169712e+00	(1.000000e+01 0.000000e+00 0.000000e+00)
0.0364103     	-5.056083e+00	(1.000000e+01 0.000000e+00 0.000000e+00)
0.0366667     	-5.127807e+00	(1.000000e+01 0.000000e+00 0.000000e+00)
0.0369231     	-5.062612e+00	(1.000000e+01 0.000000e+00 0.000000e+00)
0.0371795     	-5.010481e+00	(1.000000e+01 0.000000e+00 0.000000e+00)
0.0374359     	-5.091670e+00	(1.000000e+01 0.000000e+00 0.000000e+00)
0.0376923     	-5.064143e+00	(1.000000e+01 0.000000e+00 0.000000e+00)
0.0379487     	-5.059440e+00	(1.000000e+01 0.000000e+00 0.000000e+00)
0.0382051     	-5.058442e+00	(1.000000e+01 0.000000e+00 0.000000e+00)
0.0384615     	-4.955268e+00	(1.000000e+01 0.000000e+00 0.000000e+00)
0.0387179     	-5.065848e+00	(1.000000e+01 0.000000e+00 0.000000e+00)
0.0389744     	-5.019202e+00	(1.000000e+01 0.000000e+00 0.000000e+00)
0.0392308     	-5.031764e+00	(1.000000e+01 0.000000e+00 0.000000e+00)
0.0394872     	-5.021264e+00	(1.000000e+01 0.000000e+00 0.000000e+00)
0.0397436     	-4.924968e+00	(1.000000e+01 0.000000e+00 0.000000e+00)
0.04          	-5.037809e+00	(1.000000e+01 0.000000e+00 0.000000e+00)
0.04025       	-4.986931e+00	(1.000000e+01 0.000000e+00 0.000000e+00)
0.0405        	-5.015854e+00	(1.000000e+01 0.000000e+00 0.000000e+00)
0.04075       	-4.996730e+00	(1.000000e+01 0.000000e+00 0.000000e+00)
0.041         	-4.909029e+00	(1.000000e+01 0.000000e+00 0.000000e+00)
0.04125       	-5.011045e+00	(1.000000e+01 0.000000e+00 0.000000e+00)
0.0415        	-4.979430e+00	(1.000000e+01 0.000000e+00 0.000000e+00)
0.04175       	-4.986128e+00	(1.000000e+01 0.000000e+00 0.000000e+00)
0.042         	-4.982475e+00	(1.000000e+01 0.000000e+00 0.000000e+00)
0.04225       	-4.889816e+00	(1.000000e+01 0.000000e+00 0.000000e+00)
0.0425        	-4.995824e+00	(1.000000e+01 0.000000e+00 0.000000e+00)
0.04275       	-4.966608e+00	(1.000000e+01 0.000000e+00 0.000000e+00)
0.043         	-4.972465e+00	(1.000000e+01 0.000000e+00 0.000000e+00)
0.04325       	-4.876381e+00	(1.000000e+01 0.000000e+00 0.000000e+00)
0.0435        	-4.980752e+00	(1.000000e+01 0.000000e+00 0.000000e+00)
0.04375       	-4.953000e+00	(1.000000e+01 0.000000e+00 0.000000e+00)
0.044         	-4.959171e+00	(1.000000e+01 0.000000e+00 0.000000e+00)
0.04425       	-4.867358e+00	(1.000000e+01 0.000000e+00 0.000000e+00)
0.0445        	-4.967255e+00	(1.000000e+01 0.000000e+00 0.000000e+00)
0.04475       	-4.980616e+00	(1.000000e+01 0.000000e+00 0.000000e+00)
0.045         	-4.971765e+00	(1.000000e+01 0.000000e+00 0.000000e+00)
0.04525       	-4.897137e+00	(1.000000e+01 0.000000e+00 0.000000e+00)
0.0455        	-4.985670e+00	(1.000000e+01 0.000000e+00 0.000000e+00)
0.04575       	-4.947453e+00	(1.000000e+01 0.000000e+00 0.000000e+00)
0.046         	-4.952120e+00	(1.000000e+01 0.000000e+00 0.000000e+00)
0.04625       	-4.878595e+00	(1.000000e+01 0.000000e+00 0.000000e+00)
0.0465        	-4.967902e+00	(1.000000e+01 0.000000e+00 0.000000e+00)
0.04675       	-4.935028e+00	(1.000000e+01 0.000000e+00 0.000000e+00)
0.047         	-4.942136e+00	(1.000000e+01 0.000000e+00 0.000000e+00)
0.04725       	-4.866736e+00	(1.000000e+01 0.000000e+00 0.000000e+00)
0.0475        	-4.958881e+00	(1.000000e+01 0.000000e+00 0.000000e+00)
0.04775       	-4.955004e+00	(1.000000e+01 0.000000e+00 0.000000e+00)
0.048         	-4.852260e+00	(1.000000e+01 0.000000e+00 0.000000e+00)
0.04825       	-4.956782e+00	(1.000000e+01 0.000000e+00 0.000000e+00)
0.0485        	-4.956032e+00	(1.000000e+01 0.000000e+00 0.000000e+00)
0.04875       	-4.856486e+00	(1.000000e+01 0.000000e+00 0.000000e+00)
0.049         	-4.962268e+00	(1.000000e+01 0.000000e+00 0.000000e+00)
0.04925       	-4.947209e+00	(1.000000e+01 0.000000e+00 0.000000e+00)
0.0495        	-4.857579e+00	(1.000000e+01 0.000000e+00 0.000000e+00)
0.04975       	-4.959305e+00	(1.000000e+01 0.000000e+00 0.000000e+00)
0.05          	-4.945197e+00	(1.000000e+01 0.000000e+00 0.000000e+00)
0.05025       	-4.859055e+00	(1.000000e+01 0.000000e+00 0.000000e+00)
0.0505        	-4.957231e+00	(1.000000e+01 0.000000e+00 0.000000e+00)
0.05075       	-4.945675e+00	(1.000000e+01 0.000000e+00 0.000000e+00)
0.051         	-4.860038e+00	(1.000000e+01 0.000000e+00 0.000000e+00)
0.05125       	-4.883205e+00	(1.000000e+01 0.000000e+00 0.000000e+00)
0.0515        	-4.956338e+00	(1.000000e+01 0.000000e+00 0.000000e+00)
0.05175       	-4.940541e+00	(1.000000e+01 0.000000e+00 0.000000e+00)
0.052         	-4.853375e+00	(1.000000e+01 0.000000e+00 0.000000e+00)
0.05225       	-4.881189e+00	(1.000000e+01 0.000000e+00 0.000000e+00)
0.0525        	-4.951449e+00	(1.000000e+01 0.000000e+00 0.000000e+00)
0.05275       	-4.940822e+00	(1.000000e+01 0.000000e+00 0.000000e+00)
0.053         	-4.852387e+00	(1.000000e+01 0.000000e+00 0.000000e+00)
0.05325       	-4.868760e+00	(1.000000e+01 0.000000e+00 0.000000e+00)
0.0535        	-4.961154e+00	(1.000000e+01 0.000000e+00 0.000000e+00)
0.05375       	-4.920237e+00	(1.000000e+01 0.000000e+00 0.000000e+00)
0.054         	-4.881091e+00	(1.000000e+01 0.000000e+00 0.000000e+00)
0.05425       	-4.870986e+00	(1.000000e+01 0.000000e+00 0.000000e+00)
0.0545        	-4.983011e+00	(1.000000e+01 0.000000e+00 0.000000e+00)
0.05475       	-4.925967e+00	(1.000000e+01 0.000000e+00 0.000000e+00)
0.055         	-4.904455e+00	(1.000000e+01 0.000000e+00 0.000000e+00)
0.05525       	-4.878443e+00	(1.000000e+01 0.000000e+00 0.000000e+00)
0.0555        	-5.006962e+00	(1.000000e+01 0.000000e+00 0.000000e+00)
0.05575       	-4.929623e+00	(1.000000e+01 0.000000e+00 0.000000e+00)
0.056         	-4.931979e+00	(1.000000e+01 0.000000e+00 0.000000e+00)
0.05625       	-4.880103e+00	(1.000000e+01 0.000000e+00 0.000000e+00)
0.0565        	-5.053555e+00	(1.000000e+01 0.000000e+00 0.000000e+00)
0.05675       	-4.928366e+00	(1.000000e+01 0.000000e+00 0.000000e+00)
0.057         	-4.957707e+00	(1.000000e+01 0.000000e+00 0.000000e+00)
0.05725       	-4.888805e+00	(1.000000e+01 0.000000e+00 0.000000e+00)
0.0575        	-5.086265e+00	(1.000000e+01 0.000000e+00 0.000000e+00)
0.05775       	-4.866483e+00	(1.000000e+01 0.000000e+00 0.000000e+00)
0.058         	-5.000433e+00	(1.000000e+01 0.000000e+00 0.000000e+00)
0.05825       	-4.983996e+00	(1.000000e+01 0.000000e+00 0.000000e+00)
0.0585        	-4.977894e+00	(1.000000e+01 0.000000e+00 0.000000e+00)
0.05875       	-4.933658e+00	(1.000000e+01 0.000000e+00 0.000000e+00)
0.059         	-5.111516e+00	(1.000000e+01 0.000000e+00 0.000000e+00)
0.05925       	-4.901332e+00	(1.000000e+01 0.000000e+00 0.000000e+00)
0.0595        	-5.023664e+00	(1.000000e+01 0.000000e+00 0.000000e+00)
0.05975       	-4.943047e+00	(1.000000e+01 0.000000e+00 0.000000e+00)
0.06          	-5.094675e+00	(1.000000e+01 0.000000e+00 0.000000e+00)
0.06025       	-4.950982e+00	(1.000000e+01 0.000000e+00 0.000000e+00)
0.0605        	-5.034482e+00	(1.000000e+01 0.000000e+00 0.000000e+00)
0.06075       	-4.985677e+00	(1.000000e+01 0.000000e+00 0.000000e+00)
0.061         	-5.139293e+00	(1.000000e+01 0.000000e+00 0.000000e+00)
0.06125       	-4.963026e+00	(1.000000e+01 0.000000e+00 0.000000e+00)
0.0615        	-5.066230e+00	(1.000000e+01 0.000000e+00 0.000000e+00)
0.06175       	-5.016122e+00	(1.000000e+01 0.000000e+00 0.000000e+00)
0.062         	-5.176556e+00	(1.000000e+01 0.000000e+00 0.000000e+00)
0.06225       	-4.998361e+00	(1.000000e+01 0.000000e+00 0.000000e+00)
0.0625        	-5.103248e+00	(1.000000e+01 0.000000e+00 0.000000e+00)
0.06275       	-5.060769e+00	(1.000000e+01 0.000000e+00 0.000000e+00)
0.063         	-5.096463e+00	(1.000000e+01 0.000000e+00 0.000000e+00)
0.06325       	-5.206998e+00	(1.000000e+01 0.000000e+00 0.000000e+00)
0.0635        	-5.088142e+00	(1.000000e+01 0.000000e+00 0.000000e+00)
0.06375       	-5.183495e+00	(1.000000e+01 0.000000e+00 0.000000e+00)
0.064         	-5.114251e+00	(1.000000e+01 0.000000e+00 0.000000e+00)
0.06425       	-5.155114e+00	(1.000000e+01 0.000000e+00 0.000000e+00)
0.0645        	-5.171752e+00	(1.000000e+01 0.000000e+00 0.000000e+00)
0.06475       	-5.192302e+00	(1.000000e+01 0.000000e+00 0.000000e+00)
0.065         	-5.202058e+00	(1.000000e+01 0.000000e+00 0.000000e+00)
0.06525       	-5.223797e+00	(1.000000e+01 0.000000e+00 0.000000e+00)
0.0655        	-5.232107e+00	(1.000000e+01 0.000000e+00 0.000000e+00)
0.06575       	-5.256755e+00	(1.000000e+01 0.000000e+00 0.000000e+00)
0.066         	-5.262992e+00	(1.000000e+01 0.000000e+00 0.000000e+00)
0.06625       	-5.377067e+00	(1.000000e+01 0.000000e+00 0.000000e+00)
0.0665        	-5.275125e+00	(1.000000e+01 0.000000e+00 0.000000e+00)
0.06675       	-5.360548e+00	(1.000000e+01 0.000000e+00 0.000000e+00)
0.067         	-5.325278e+00	(1.000000e+01 0.000000e+00 0.000000e+00)
0.06725       	-5.398705e+00	(1.000000e+01 0.000000e+00 0.000000e+00)
0.0675        	-5.360037e+00	(1.000000e+01 0.000000e+00 0.000000e+00)
0.06775       	-5.435080e+00	(1.000000e+01 0.000000e+00 0.000000e+00)
0.068         	-5.397535e+00	(1.000000e+01 0.000000e+00 0.000000e+00)
0.06825       	-5.465512e+00	(1.000000e+01 0.000000e+00 0.000000e+00)
0.0685        	-5.443885e+00	(1.000000e+01 0.000000e+00 0.000000e+00)
0.06875       	-5.494946e+00	(1.000000e+01 0.000000e+00 0.000000e+00)
0.069         	-5.485701e+00	(1.000000e+01 0.000000e+00 0.000000e+00)
0.06925       	-5.528118e+00	(1.000000e+01 0.000000e+00 0.000000e+00)
0.0695        	-5.525374e+00	(1.000000e+01 0.000000e+00 0.000000e+00)
0.06975       	-5.561435e+00	(1.000000e+01 0.000000e+00 0.000000e+00)
0.07          	-5.554951e+00	(1.000000e+01 0.000000e+00 0.000000e+00)
0.07025       	-5.593970e+00	(1.000000e+01 0.000000e+00 0.000000e+00)
0.0705        	-5.579571e+00	(1.000000e+01 0.000000e+00 0.000000e+00)
0.07075       	-5.626734e+00	(1.000000e+01 0.000000e+00 0.000000e+00)
0.071         	-5.597464e+00	(1.000000e+01 0.000000e+00 0.000000e+00)
0.07125       	-5.660987e+00	(1.000000e+01 0.000000e+00 0.000000e+00)
0.0715        	-5.606364e+00	(1.000000e+01 0.000000e+00 0.000000e+00)
0.07175       	-5.697701e+00	(1.000000e+01 0.000000e+00 0.000000e+00)
0.072         	-5.606690e+00	(1.000000e+01 0.000000e+00 0.000000e+00)
0.07225       	-5.733573e+00	(1.000000e+01 0.000000e+00 0.000000e+00)
0.0725        	-5.613049e+00	(1.000000e+01 0.000000e+00 0.000000e+00)
0.07275       	-5.754933e+00	(1.000000e+01 0.000000e+00 0.000000e+00)
0.073         	-5.621853e+00	(1.000000e+01 0.000000e+00 0.000000e+00)
0.07325       	-5.765851e+00	(1.000000e+01 0.000000e+00 0.000000e+00)
0.0735        	-5.631429e+00	(1.000000e+01 0.000000e+00 0.000000e+00)
0.07375       	-5.768047e+00	(1.000000e+01 0.000000e+00 0.000000e+00)
0.074         	-5.630483e+00	(1.000000e+01 0.000000e+00 0.000000e+00)
0.07425       	-5.771138e+00	(1.000000e+01 0.000000e+00 0.000000e+00)
0.0745        	-5.631487e+00	(1.000000e+01 0.000000e+00 0.000000e+00)
0.07475       	-5.759283e+00	(1.000000e+01 0.000000e+00 0.000000e+00)
0.075         	-5.632597e+00	(1.000000e+01 0.000000e+00 0.000000e+00)
0.07525       	-5.733824e+00	(1.000000e+01 0.000000e+00 0.000000e+00)
0.0755        	-5.633652e+00	(1.000000e+01 0.000000e+00 0.000000e+00)
0.07575       	-5.696600e+00	(1.000000e+01 0.000000e+00 0.000000e+00)
0.076         	-5.621142e+00	(1.000000e+01 0.000000e+00 0.000000e+00)
0.07625       	-5.660601e+00	(1.000000e+01 0.000000e+00 0.000000e+00)
0.0765        	-5.594044e+00	(1.000000e+01 0.000000e+00 0.000000e+00)
0.07675       	-5.617352e+00	(1.000000e+01 0.000000e+00 0.000000e+00)
0.077         	-5.544251e+00	(1.000000e+01 0.000000e+00 0.000000e+00)
0.07725       	-5.563639e+00	(1.000000e+01 0.000000e+00 0.000000e+00)
0.0775        	-5.478910e+00	(1.000000e+01 0.000000e+00 0.000000e+00)
0.07775       	-5.494712e+00	(1.000000e+01 0.000000e+00 0.000000e+00)
0.078         	-5.398152e+00	(1.000000e+01 0.000000e+00 0.000000e+00)
0.07825       	-5.407704e+00	(1.000000e+01 0.000000e+00 0.000000e+00)
0.0785        	-5.301837e+00	(1.000000e+01 0.000000e+00 0.000000e+00)
0.07875       	-5.300323e+00	(1.000000e+01 0.000000e+00 0.000000e+00)
0.079         	-5.188918e+00	(1.000000e+01 0.000000e+00 0.000000e+00)
0.07925       	-5.173036e+00	(1.000000e+01 0.000000e+00 0.000000e+00)
0.0795        	-5.059334e+00	(1.000000e+01 0.000000e+00 0.000000e+00)
0.07975       	-5.027294e+00	(1.000000e+01 0.000000e+00 0.000000e+00)
0.08          	-4.914432e+00	(1.000000e+01 0.000000e+00 0.000000e+00)
0.08025       	-4.866611e+00	(1.000000e+01 0.000000e+00 0.000000e+00)
0.0805        	-4.757669e+00	(1.000000e+01 0.000000e+00 0.000000e+00)
0.08075       	-4.696092e+00	(1.000000e+01 0.000000e+00 0.000000e+00)
0.081         	-4.594086e+00	(1.000000e+01 0.000000e+00 0.000000e+00)
0.08125       	-4.522795e+00	(1.000000e+01 0.000000e+00 0.000000e+00)
0.0815        	-4.429388e+00	(1.000000e+01 0.000000e+00 0.000000e+00)
0.08175       	-4.354832e+00	(1.000000e+01 0.000000e+00 0.000000e+00)
0.082         	-4.271620e+00	(1.000000e+01 0.000000e+00 0.000000e+00)
0.08225       	-4.199679e+00	(1.000000e+01 0.000000e+00 0.000000e+00)
0.0825        	-4.130798e+00	(1.000000e+01 0.000000e+00 0.000000e+00)
0.08275       	-4.054097e+00	(1.000000e+01 0.000000e+00 0.000000e+00)
0.083         	-4.008322e+00	(1.000000e+01 0.000000e+00 0.000000e+00)
0.08325       	-3.943675e+00	(1.000000e+01 0.000000e+00 0.000000e+00)
0.0835        	-3.900859e+00	(1.000000e+01 0.000000e+00 0.000000e+00)
0.08375       	-3.853122e+00	(1.000000e+01 0.000000e+00 0.000000e+00)
0.084         	-3.822944e+00	(1.000000e+01 0.000000e+00 0.000000e+00)
0.08425       	-3.790312e+00	(1.000000e+01 0.000000e+00 0.000000e+00)
0.0845        	-3.774229e+00	(1.000000e+01 0.000000e+00 0.000000e+00)
0.08475       	-3.756234e+00	(1.000000e+01 0.000000e+00 0.000000e+00)
0.085         	-3.753165e+00	(1.000000e+01 0.000000e+00 0.000000e+00)
0.08525       	-3.750544e+00	(1.000000e+01 0.000000e+00 0.000000e+00)
0.0855        	-3.759970e+00	(1.000000e+01 0.000000e+00 0.000000e+00)
0.08575       	-3.770222e+00	(1.000000e+01 0.000000e+00 0.000000e+00)
0.086         	-3.790188e+00	(1.000000e+01 0.000000e+00 0.000000e+00)
0.08625       	-3.811692e+00	(1.000000e+01 0.000000e+00 0.000000e+00)
0.0865        	-3.840632e+00	(1.000000e+01 0.000000e+00 0.000000e+00)
0.08675       	-3.871499e+00	(1.000000e+01 0.000000e+00 0.000000e+00)
0.087         	-3.907916e+00	(1.000000e+01 0.000000e+00 0.000000e+00)
0.08725       	-3.946697e+00	(1.000000e+01 0.000000e+00 0.000000e+00)
0.0875        	-3.989015e+00	(1.000000e+01 0.000000e+00 0.000000e+00)
0.08775       	-4.032675e+00	(1.000000e+01 0.000000e+00 0.000000e+00)
0.088         	-4.078684e+00	(1.000000e+01 0.000000e+00 0.000000e+00)
0.08825       	-4.125126e+00	(1.000000e+01 0.000000e+00 0.000000e+00)
0.0885        	-4.172792e+00	(1.000000e+01 0.000000e+00 0.000000e+00)
0.08875       	-4.219762e+00	(1.000000e+01 0.000000e+00 0.000000e+00)
0.089         	-4.267285e+00	(1.000000e+01 0.000000e+00 0.000000e+00)
0.08925       	-4.313681e+00	(1.000000e+01 0.000000e+00 0.000000e+00)
0.0895        	-4.359165e+00	(1.000000e+01 0.000000e+00 0.000000e+00)
0.08975       	-4.403624e+00	(1.000000e+01 0.000000e+00 0.000000e+00)
0.09          	-4.446220e+00	(1.000000e+01 0.000000e+00 0.000000e+00)
0.09025       	-4.488374e+00	(1.000000e+01 0.000000e+00 0.000000e+00)
0.0905        	-4.527373e+00	(1.000000e+01 0.000000e+00 0.000000e+00)
0.09075       	-4.565790e+00	(1.000000e+01 0.000000e+00 0.000000e+00)
0.091         	-4.598663e+00	(1.000000e+01 0.000000e+00 0.000000e+00)
0.09125       	-4.632474e+00	(1.000000e+01 0.000000e+00 0.000000e+00)
0.0915        	-4.664177e+00	(1.000000e+01 0.000000e+00 0.000000e+00)
0.09175       	-4.692946e+00	(1.000000e+01 0.000000e+00 0.000000e+00)
0.092         	-4.720499e+00	(1.000000e+01 0.000000e+00 0.000000e+00)
0.09225       	-4.745559e+00	(1.000000e+01 0.000000e+00 0.000000e+00)
0.0925        	-4.767989e+00	(1.000000e+01 0.000000e+00 0.000000e+00)
0.09275       	-4.789518e+00	(1.000000e+01 0.000000e+00 0.000000e+00)
0.093         	-4.807629e+00	(1.000000e+01 0.000000e+00 0.000000e+00)
0.09325       	-4.825194e+00	(1.000000e+01 0.000000e+00 0.000000e+00)
0.0935        	-4.840168e+00	(1.000000e+01 0.000000e+00 0.000000e+00)
0.09375       	-4.854076e+00	(1.000000e+01 0.000000e+00 0.000000e+00)
0.094         	-4.866413e+00	(1.000000e+01 0.000000e+00 0.000000e+00)
0.09425       	-4.877063e+00	(1.000000e+01 0.000000e+00 0.000000e+00)
0.0945        	-4.910480e+00	(1.000000e+01 0.000000e+00 0.000000e+00)
0.09475       	-4.909867e+00	(1.000000e+01 0.000000e+00 0.000000e+00)
0.095         	-4.920274e+00	(1.000000e+01 0.000000e+00 0.000000e+00)
0.09525       	-4.924576e+00	(1.000000e+01 0.000000e+00 0.000000e+00)
0.0955        	-4.930198e+00	(1.000000e+01 0.000000e+00 0.000000e+00)
0.09575       	-4.934613e+00	(1.000000e+01 0.000000e+00 0.000000e+00)
0.096         	-4.937911e+00	(1.000000e+01 0.000000e+00 0.000000e+00)
0.09625       	-4.941070e+00	(1.000000e+01 0.000000e+00 0.000000e+00)
0.0965        	-4.943588e+00	(1.000000e+01 0.000000e+00 0.000000e+00)
0.09675       	-4.946012e+00	(1.000000e+01 0.000000e+00 0.000000e+00)
0.097         	-4.947746e+00	(1.000000e+01 0.000000e+00 0.000000e+00)
0.09725       	-4.949652e+00	(1.000000e+01 0.000000e+00 0.000000e+00)
0.0975        	-4.950842e+00	(1.000000e+01 0.000000e+00 0.000000e+00)
0.09775       	-4.952261e+00	(1.000000e+01 0.000000e+00 0.000000e+00)
0.098         	-4.953551e+00	(1.000000e+01 0.000000e+00 0.000000e+00)
0.09825       	-4.954559e+00	(1.000000e+01 0.000000e+00 0.000000e+00)
0.0985        	-4.955641e+00	(1.000000e+01 0.000000e+00 0.000000e+00)
0.09875       	-4.956740e+00	(1.000000e+01 0.000000e+00 0.000000e+00)
0.099         	-4.957827e+00	(1.000000e+01 0.000000e+00 0.000000e+00)
0.09925       	-4.959134e+00	(1.000000e+01 0.000000e+00 0.000000e+00)
0.0995        	-4.960205e+00	(1.000000e+01 0.000000e+00 0.000000e+00)
0.09975       	-4.961543e+00	(1.000000e+01 0.000000e+00 0.000000e+00)
0.1           	-4.966296e+00	(1.000000e+01 0.000000e+00 0.000000e+00)
0.10025       	-4.963798e+00	(1.000000e+01 0.000000e+00 0.000000e+00)
0.1005        	-4.966160e+00	(1.000000e+01 0.000000e+00 0.000000e+00)
0.10075       	-4.971097e+00	(1.000000e+01 0.000000e+00 0.000000e+00)
0.101         	-4.968927e+00	(1.000000e+01 0.000000e+00 0.000000e+00)
0.10125       	-4.971725e+00	(1.000000e+01 0.000000e+00 0.000000e+00)
0.1015        	-4.976328e+00	(1.000000e+01 0.000000e+00 0.000000e+00)
0.10175       	-4.977560e+00	(1.000000e+01 0.000000e+00 0.000000e+00)
0.102         	-4.977784e+00	(1.000000e+01 0.000000e+00 0.000000e+00)
0.10225       	-4.983529e+00	(1.000000e+01 0.000000e+00 0.000000e+00)
0.1025        	-4.982282e+00	(1.000000e+01 0.000000e+00 0.000000e+00)
0.10275       	-4.989023e+00	(1.000000e+01 0.000000e+00 0.000000e+00)
0.103         	-5.011809e+00	(1.000000e+01 0.000000e+00 0.000000e+00)
0.10325       	-5.007175e+00	(1.000000e+01 0.000000e+00 0.000000e+00)
0.1035        	-5.009889e+00	(1.000000e+01 0.000000e+00 0.000000e+00)
0.10375       	-5.011532e+00	(1.000000e+01 0.000000e+00 0.000000e+00)
0.104         	-5.016574e+00	(1.000000e+01 0.000000e+00 0.000000e+00)
0.10425       	-5.017938e+00	(1.000000e+01 0.000000e+00 0.000000e+00)
0.1045        	-5.021660e+00	(1.000000e+01 0.000000e+00 0.000000e+00)
0.10475       	-5.024388e+00	(1.000000e+01 0.000000e+00 0.000000e+00)
0.105         	-5.027896e+00	(1.000000e+01 0.000000e+00 0.000000e+00)
0.10525       	-5.030240e+00	(1.000000e+01 0.000000e+00 0.000000e+00)
0.1055        	-5.033467e+00	(1.000000e+01 0.000000e+00 0.000000e+00)
0.10575       	-5.035674e+00	(1.000000e+01 0.000000e+00 0.000000e+00)
0.106         	-5.039609e+00	(1.000000e+01 0.000000e+00 0.000000e+00)
0.10625       	-5.042757e+00	(1.000000e+01 0.000000e+00 0.000000e+00)
0.1065        	-5.045177e+00	(1.000000e+01 0.000000e+00 0.000000e+00)
0.10675       	-5.049039e+00	(1.000000e+01 0.000000e+00 0.000000e+00)
0.107         	-5.051447e+00	(1.000000e+01 0.000000e+00 0.000000e+00)
0.10725       	-5.053652e+00	(1.000000e+01 0.000000e+00 0.000000e+00)
0.1075        	-5.056591e+00	(1.000000e+01 0.000000e+00 0.000000e+00)
0.10775       	-5.058646e+00	(1.000000e+01 0.000000e+00 0.000000e+00)
0.108         	-5.061672e+00	(1.000000e+01 0.000000e+00 0.000000e+00)
0.10825       	-5.064406e+00	(1.000000e+01 0.000000e+00 0.000000e+00)
0.1085        	-5.065861e+00	(1.000000e+01 0.000000e+00 0.000000e+00)
0.10875       	-5.068045e+00	(1.000000e+01 0.000000e+00 0.000000e+00)
0.109         	-5.070232e+00	(1.000000e+01 0.000000e+00 0.000000e+00)
0.10925       	-5.071607e+00	(1.000000e+01 0.000000e+00 0.000000e+00)
0.1095        	-5.073642e+00	(1.000000e+01 0.000000e+00 0.000000e+00)
0.10975       	-5.074651e+00	(1.000000e+01 0.000000e+00 0.000000e+00)
0.11          	-5.076446e+00	(1.000000e+01 0.000000e+00 0.000000e+00)
0.11025       	-5.077588e+00	(1.000000e+01 0.000000e+00 0.000000e+00)
0.1105        	-5.078366e+00	(1.000000e+01 0.000000e+00 0.000000e+00)
0.11075       	-5.079546e+00	(1.000000e+01 0.000000e+00 0.000000e+00)
0.111         	-5.080319e+00	(1.000000e+01 0.000000e+00 0.000000e+00)
0.11125       	-5.081193e+00	(1.000000e+01 0.000000e+00 0.000000e+00)
0.1115        	-5.081037e+00	(1.000000e+01 0.000000e+00 0.000000e+00)
0.11175       	-5.081735e+00	(1.000000e+01 0.000000e+00 0.000000e+00)
0.112         	-5.081831e+00	(1.000000e+01 0.000000e+00 0.000000e+00)
0.11225       	-5.081392e+00	(1.000000e+01 0.000000e+00 0.000000e+00)
0.1125        	-5.081271e+00	(1.000000e+01 0.000000e+00 0.000000e+00)
0.11275       	-5.080930e+00	(1.000000e+01 0.000000e+00 0.000000e+00)
0.113         	-5.080709e+00	(1.000000e+01 0.000000e+00 0.000000e+00)
0.11325       	-5.080268e+00	(1.000000e+01 0.000000e+00 0.000000e+00)
0.1135        	-5.079341e+00	(1.000000e+01 0.000000e+00 0.000000e+00)
0.11375       	-5.078833e+00	(1.000000e+01 0.000000e+00 0.000000e+00)
0.114         	-5.077689e+00	(1.000000e+01 0.000000e+00 0.000000e+00)
0.11425       	-5.077290e+00	(1.000000e+01 0.000000e+00 0.000000e+00)
0.1145        	-5.075194e+00	(1.000000e+01 0.000000e+00 0.000000e+00)
0.11475       	-5.074967e+00	(1.000000e+01 0.000000e+00 0.000000e+00)
0.115         	-5.072980e+00	(1.000000e+01 0.000000e+00 0.000000e+00)
0.11525       	-5.072254e+00	(1.000000e+01 0.000000e+00 0.000000e+00)
0.1155        	-5.070222e+00	(1.000000e+01 0.000000e+00 0.000000e+00)
0.11575       	-5.069230e+00	(1.000000e+01 0.000000e+00 0.000000e+00)
0.116         	-5.066728e+00	(1.000000e+01 0.000000e+00 0.000000e+00)
0.11625       	-5.065542e+00	(1.000000e+01 0.000000e+00 0.000000e+00)
0.1165        	-5.063628e+00	(1.000000e+01 0.000000e+00 0.000000e+00)
0.11675       	-5.062315e+00	(1.000000e+01 0.000000e+00 0.000000e+00)
0.117         	-5.060609e+00	(1.000000e+01 0.000000e+00 0.000000e+00)
0.11725       	-5.058971e+00	(1.000000e+01 0.000000e+00 0.000000e+00)
0.1175        	-5.056535e+00	(1.000000e+01 0.000000e+00 0.000000e+00)
0.11775       	-5.055203e+00	(1.000000e+01 0.000000e+00 0.000000e+00)
0.118         	-5.052501e+00	(1.000000e+01 0.000000e+00 0.000000e+00)
0.11825       	-5.051194e+00	(1.000000e+01 0.000000e+00 0.000000e+00)
0.1185        	-5.048722e+00	(1.000000e+01 0.000000e+00 0.000000e+00)
0.11875       	-5.047279e+00	(1.000000e+01 0.000000e+00 0.000000e+00)
0.119         	-5.044781e+00	(1.000000e+01 0.000000e+00 0.000000e+00)
0.11925       	-5.043324e+00	(1.000000e+01 0.000000e+00 0.000000e+00)
0.1195        	-5.041011e+00	(1.000000e+01 0.000000e+00 0.000000e+00)
0.11975       	-5.039522e+00	(1.000000e+01 0.000000e+00 0.000000e+00)
0.12          	-5.037525e+00	(1.000000e+01 0.000000e+00 0.000000e+00)
0.12025       	-5.035381e+00	(1.000000e+01 0.000000e+00 0.000000e+00)
0.1205        	-5.033706e+00	(1.000000e+01 0.000000e+00 0.000000e+00)
0.12075       	-5.031470e+00	(1.000000e+01 0.000000e+00 0.000000e+00)
0.121         	-5.029797e+00	(1.000000e+01 0.000000e+00 0.000000e+00)
0.12125       	-5.027016e+00	(1.000000e+01 0.000000e+00 0.000000e+00)
0.1215        	-5.025528e+00	(1.000000e+01 0.000000e+00 0.000000e+00)
0.12175       	-5.024288e+00	(1.000000e+01 0.000000e+00 0.000000e+00)
0.122         	-5.021871e+00	(1.000000e+01 0.000000e+00 0.000000e+00)
0.12225       	-5.019818e+00	(1.000000e+01 0.000000e+00 0.000000e+00)
0.1225        	-5.018530e+00	(1.000000e+01 0.000000e+00 0.000000e+00)
0.12275       	-5.016718e+00	(1.000000e+01 0.000000e+00 0.000000e+00)
0.123         	-5.018354e+00	(1.000000e+01 0.000000e+00 0.000000e+00)
0.12325       	-5.012436e+00	(1.000000e+01 0.000000e+00 0.000000e+00)
0.1235        	-5.011443e+00	(1.000000e+01 0.000000e+00 0.000000e+00)
0.12375       	-5.009481e+00	(1.000000e+01 0.000000e+00 0.000000e+00)
0.124         	-5.008025e+00	(1.000000e+01 0.000000e+00 0.000000e+00)
0.12425       	-5.005871e+00	(1.000000e+01 0.000000e+00 0.000000e+00)
0.1245        	-5.004650e+00	(1.000000e+01 0.000000e+00 0.000000e+00)
0.12475       	-5.002948e+00	(1.000000e+01 0.000000e+00 0.000000e+00)
0.125         	-5.001402e+00	(1.000000e+01 0.000000e+00 0.000000e+00)
0.12525       	-5.000186e+00	(1.000000e+01 0.000000e+00 0.000000e+00)
0.1255        	-5.019004e+00	(1.000000e+01 0.000000e+00 0.000000e+00)
0.12575       	-5.012472e+00	(1.000000e+01 0.000000e+00 0.000000e+00)
0.126         	-5.013580e+00	(1.000000e+01 0.000000e+00 0.000000e+00)
0.12625       	-5.010521e+00	(1.000000e+01 0.000000e+00 0.000000e+00)
0.1265        	-5.011138e+00	(1.000000e+01 0.000000e+00 0.000000e+00)
0.12675       	-5.007838e+00	(1.000000e+01 0.000000e+00 0.000000e+00)
0.127         	-5.007618e+00	(1.000000e+01 0.000000e+00 0.000000e+00)
0.12725       	-5.004389e+00	(1.000000e+01 0.000000e+00 0.000000e+00)
0.1275        	-5.004456e+00	(1.000000e+01 0.000000e+00 0.000000e+00)
0.12775       	-5.002541e+00	(1.000000e+01 0.000000e+00 0.000000e+00)
0.128         	-5.000297e+00	(1.000000e+01 0.000000e+00 0.000000e+00)
0.12825       	-4.999908e+00	(1.000000e+01 0.000000e+00 0.000000e+00)
0.1285        	-4.999559e+00	(1.000000e+01 0.000000e+00 0.000000e+00)
0.12875       	-4.996915e+00	(1.000000e+01 0.000000e+00 0.000000e+00)
0.129         	-4.996284e+00	(1.000000e+01 0.000000e+00 0.000000e+00)
0.12925       	-4.995696e+00	(1.000000e+01 0.000000e+00 0.000000e+00)
0.1295        	-4.994214e+00	(1.000000e+01 0.000000e+00 0.000000e+00)
0.12975       	-4.993596e+00	(1.000000e+01 0.000000e+00 0.000000e+00)
0.13          	-4.996751e+00	(1.000000e+01 0.000000e+00 0.000000e+00)
0.13025       	-4.992543e+00	(1.000000e+01 0.000000e+00 0.000000e+00)
0.1305        	-4.990804e+00	(1.000000e+01 0.000000e+00 0.000000e+00)
0.13075       	-4.993140e+00	(1.000000e+01 0.000000e+00 0.000000e+00)
0.131         	-4.991861e+00	(1.000000e+01 0.000000e+00 0.000000e+00)
0.13125       	-4.990718e+00	(1.000000e+01 0.000000e+00 0.000000e+00)
0.1315        	-4.990802e+00	(1.000000e+01 0.000000e+00 0.000000e+00)
0.13175       	-4.989107e+00	(1.000000e+01 0.000000e+00 0.000000e+00)
0.132         	-4.988936e+00	(1.000000e+01 0.000000e+00 0.000000e+00)
0.13225       	-4.983895e+00	(1.000000e+01 0.000000e+00 0.000000e+00)
0.1325        	-4.984671e+00	(1.000000e+01 0.000000e+00 0.000000e+00)
0.13275       	-4.987709e+00	(1.000000e+01 0.000000e+00 0.000000e+00)
0.133         	-4.986057e+00	(1.000000e+01 0.000000e+00 0.000000e+00)
0.13325       	-4.985195e+00	(1.000000e+01 0.000000e+00 0.000000e+00)
0.1335        	-4.984634e+00	(1.000000e+01 0.000000e+00 0.000000e+00)
0.13375       	-4.980664e+00	(1.000000e+01 0.000000e+00 0.000000e+00)
0.134         	-4.981187e+00	(1.000000e+01 0.000000e+00 0.000000e+00)
0.13425       	-4.983437e+00	(1.000000e+01 0.000000e+00 0.000000e+00)
0.1345        	-4.982622e+00	(1.000000e+01 0.000000e+00 0.000000e+00)
0.13475       	-4.979115e+00	(1.000000e+01 0.000000e+00 0.000000e+00)
0.135         	-4.979509e+00	(1.000000e+01 0.000000e+00 0.000000e+00)
0.13525       	-4.982219e+00	(1.000000e+01 0.000000e+00 0.000000e+00)
0.1355        	-4.977635e+00	(1.000000e+01 0.000000e+00 0.000000e+00)
0.13575       	-4.981429e+00	(1.000000e+01 0.000000e+00 0.000000e+00)
0.136         	-4.979229e+00	(1.000000e+01 0.000000e+00 0.000000e+00)
0.13625       	-4.977423e+00	(1.000000e+01 0.000000e+00 0.000000e+00)
0.1365        	-4.980237e+00	(1.000000e+01 0.000000e+00 0.000000e+00)
0.13675       	-4.978963e+00	(1.000000e+01 0.000000e+00 0.000000e+00)
0.137         	-4.978823e+00	(1.000000e+01 0.000000e+00 0.000000e+00)
0.13725       	-4.979001e+00	(1.000000e+01 0.000000e+00 0.000000e+00)
0.1375        	-4.977589e+00	(1.000000e+01 0.000000e+00 0.000000e+00)
0.13775       	-4.976991e+00	(1.000000e+01 0.000000e+00 0.000000e+00)
0.138         	-4.977805e+00	(1.000000e+01 0.000000e+00 0.000000e+00)
0.13825       	-4.977785e+00	(1.000000e+01 0.000000e+00 0.000000e+00)
0.1385        	-4.976182e+00	(1.000000e+01 0.000000e+00 0.000000e+00)
0.13875       	-4.977776e+00	(1.000000e+01 0.000000e+00 0.000000e+00)
0.139         	-4.976553e+00	(1.000000e+01 0.000000e+00 0.000000e+00)
0.13925       	-4.976953e+00	(1.000000e+01 0.000000e+00 0.000000e+00)
0.1395        	-4.976313e+00	(1.000000e+01 0.000000e+00 0.000000e+00)
0.13975       	-4.976484e+00	(1.000000e+01 0.000000e+00 0.000000e+00)
0.14          	-4.975515e+00	(1.000000e+01 0.000000e+00 0.000000e+00)
0.14025       	-4.976197e+00	(1.000000e+01 0.000000e+00 0.000000e+00)
0.1405        	-4.975871e+00	(1.000000e+01 0.000000e+00 0.000000e+00)
0.14075       	-4.975713e+00	(1.000000e+01 0.000000e+00 0.000000e+00)
0.141         	-4.975285e+00	(1.000000e+01 0.000000e+00 0.000000e+00)
0.14125       	-4.975730e+00	(1.000000e+01 0.000000e+00 0.000000e+00)
0.1415        	-4.975257e+00	(1.000000e+01 0.000000e+00 0.000000e+00)
0.14175       	-4.975372e+00	(1.000000e+01 0.000000e+00 0.000000e+00)
0.142         	-4.975228e+00	(1.000000e+01 0.000000e+00 0.000000e+00)
0.14225       	-4.975260e+00	(1.000000e+01 0.000000e+00 0.000000e+00)
0.1425        	-4.974384e+00	(1.000000e+01 0.000000e+00 0.000000e+00)
0.14275       	-4.974757e+00	(1.000000e+01 0.000000e+00 0.000000e+00)
0.143         	-4.974589e+00	(1.000000e+01 0.000000e+00 0.000000e+00)
0.14325       	-4.974858e+00	(1.000000e+01 0.000000e+00 0.000000e+00)
0.1435        	-4.974540e+00	(1.000000e+01 0.000000e+00 0.000000e+00)
0.14375       	-4.974727e+00	(1.000000e+01 0.000000e+00 0.000000e+00)
0.144         	-4.974471e+00	(1.000000e+01 0.000000e+00 0.000000e+00)
0.14425       	-4.985405e+00	(1.000000e+01 0.000000e+00 0.000000e+00)
0.1445        	-4.963529e+00	(1.000000e+01 0.000000e+00 0.000000e+00)
0.14475       	-4.986885e+00	(1.000000e+01 0.000000e+00 0.000000e+00)
0.145         	-4.986013e+00	(1.000000e+01 0.000000e+00 0.000000e+00)
0.14525       	-4.983694e+00	(1.000000e+01 0.000000e+00 0.000000e+00)
0.1455        	-4.987282e+00	(1.000000e+01 0.000000e+00 0.000000e+00)
0.14575       	-4.985784e+00	(1.000000e+01 0.000000e+00 0.000000e+00)
0.146         	-4.986587e+00	(1.000000e+01 0.000000e+00 0.000000e+00)
0.14625       	-4.985778e+00	(1.000000e+01 0.000000e+00 0.000000e+00)
0.1465        	-4.985955e+00	(1.000000e+01 0.000000e+00 0.000000e+00)
0.14675       	-4.985923e+00	(1.000000e+01 0.000000e+00 0.000000e+00)
0.147         	-4.985197e+00	(1.000000e+01 0.000000e+00 0.000000e+00)
0.14725       	-4.982491e+00	(1.000000e+01 0.000000e+00 0.000000e+00)
0.1475        	-4.985416e+00	(1.000000e+01 0.000000e+00 0.000000e+00)
0.14775       	-4.985133e+00	(1.000000e+01 0.000000e+00 0.000000e+00)
0.148         	-4.985320e+00	(1.000000e+01 0.000000e+00 0.000000e+00)
0.14825       	-4.984568e+00	(1.000000e+01 0.000000e+00 0.000000e+00)
0.1485        	-4.981833e+00	(1.000000e+01 0.000000e+00 0.000000e+00)
0.14875       	-4.981871e+00	(1.000000e+01 0.000000e+00 0.000000e+00)
0.149         	-4.982037e+00	(1.000000e+01 0.000000e+00 0.000000e+00)
0.14925       	-4.985452e+00	(1.000000e+01 0.000000e+00 0.000000e+00)
0.1495        	-4.983670e+00	(1.000000e+01 0.000000e+00 0.000000e+00)
0.14975       	-4.983661e+00	(1.000000e+01 0.000000e+00 0.000000e+00)
0.15          	-4.983504e+00	(1.000000e+01 0.000000e+00 0.000000e+00)
0.15025       	-4.983322e+00	(1.000000e+01 0.000000e+00 0.000000e+00)
0.1505        	-4.983657e+00	(1.000000e+01 0.000000e+00 0.000000e+00)
0.15075       	-4.983665e+00	(1.000000e+01 0.000000e+00 0.000000e+00)
0.151         	-4.982935e+00	(1.000000e+01 0.000000e+00 0.000000e+00)
0.15125       	-4.982761e+00	(1.000000e+01 0.000000e+00 0.000000e+00)
0.1515        	-4.983136e+00	(1.000000e+01 0.000000e+00 0.000000e+00)
0.15175       	-4.983002e+00	(1.000000e+01 0.000000e+00 0.000000e+00)
0.152         	-4.979681e+00	(1.000000e+01 0.000000e+00 0.000000e+00)
0.15225       	-4.983727e+00	(1.000000e+01 0.000000e+00 0.000000e+00)
0.1525        	-4.982133e+00	(1.000000e+01 0.000000e+00 0.000000e+00)
0.15275       	-4.982637e+00	(1.000000e+01 0.000000e+00 0.000000e+00)
0.153         	-4.982244e+00	(1.000000e+01 0.000000e+00 0.000000e+00)
0.15325       	-4.982124e+00	(1.000000e+01 0.000000e+00 0.000000e+00)
0.1535        	-4.981756e+00	(1.000000e+01 0.000000e+00 0.000000e+00)
0.15375       	-4.982053e+00	(1.000000e+01 0.000000e+00 0.000000e+00)
0.154         	-4.981294e+00	(1.000000e+01 0.000000e+00 0.000000e+00)
0.15425       	-4.981112e+00	(1.000000e+01 0.000000e+00 0.000000e+00)
0.1545        	-4.981310e+00	(1.000000e+01 0.000000e+00 0.000000e+00)
0.15475       	-4.981222e+00	(1.000000e+01 0.000000e+00 0.000000e+00)
0.155         	-4.980454e+00	(1.000000e+01 0.000000e+00 0.000000e+00)
0.15525       	-4.981568e+00	(1.000000e+01 0.000000e+00 0.000000e+00)
0.1555        	-4.980955e+00	(1.000000e+01 0.000000e+00 0.000000e+00)
0.15575       	-4.979952e+00	(1.000000e+01 0.000000e+00 0.000000e+00)
0.156         	-4.980220e+00	(1.000000e+01 0.000000e+00 0.000000e+00)
0.15625       	-4.980334e+00	(1.000000e+01 0.000000e+00 0.000000e+00)
0.1565        	-4.979977e+00	(1.000000e+01 0.000000e+00 0.000000e+00)
0.15675       	-4.980006e+00	(1.000000e+01 0.000000e+00 0.000000e+00)
0.157         	-4.979801e+00	(1.000000e+01 0.000000e+00 0.000000e+00)
0.15725       	-4.979471e+00	(1.000000e+01 0.000000e+00 0.000000e+00)
0.1575        	-4.980237e+00	(1.000000e+01 0.000000e+00 0.000000e+00)
0.15775       	-4.979508e+00	(1.000000e+01 0.000000e+00 0.000000e+00)
0.158         	-4.979469e+00	(1.000000e+01 0.000000e+00 0.000000e+00)
0.15825       	-4.979172e+00	(1.000000e+01 0.000000e+00 0.000000e+00)
0.1585        	-4.979429e+00	(1.000000e+01 0.000000e+00 0.000000e+00)
0.15875       	-4.978892e+00	(1.000000e+01 0.000000e+00 0.000000e+00)
0.159         	-4.976797e+00	(1.000000e+01 0.000000e+00 0.000000e+00)
0.15925       	-4.979785e+00	(1.000000e+01 0.000000e+00 0.000000e+00)
0.1595        	-4.978296e+00	(1.000000e+01 0.000000e+00 0.000000e+00)
0.15975       	-4.978957e+00	(1.000000e+01 0.000000e+00 0.000000e+00)
0.16          	-4.978348e+00	(1.000000e+01 0.000000e+00 0.000000e+00)
0.16025       	-4.978224e+00	(1.000000e+01 0.000000e+00 0.000000e+00)
0.1605        	-4.978251e+00	(1.000000e+01 0.000000e+00 0.000000e+00)
0.16075       	-4.977776e+00	(1.000000e+01 0.000000e+00 0.000000e+00)
0.161         	-4.977838e+00	(1.000000e+01 0.000000e+00 0.000000e+00)
0.16125       	-4.977690e+00	(1.000000e+01 0.000000e+00 0.000000e+00)
0.1615        	-4.977810e+00	(1.000000e+01 0.000000e+00 0.000000e+00)
0.16175       	-4.977449e+00	(1.000000e+01 0.000000e+00 0.000000e+00)
0.162         	-4.977619e+00	(1.000000e+01 0.000000e+00 0.000000e+00)
0.16225       	-4.976689e+00	(1.000000e+01 0.000000e+00 0.000000e+00)
0.1625        	-4.977299e+00	(1.000000e+01 0.000000e+00 0.000000e+00)
0.16275       	-4.976608e+00	(1.000000e+01 0.000000e+00 0.000000e+00)
0.163         	-4.976906e+00	(1.000000e+01 0.000000e+00 0.000000e+00)
0.16325       	-4.976517e+00	(1.000000e+01 0.000000e+00 0.000000e+00)
0.1635        	-4.976525e+00	(1.000000e+01 0.000000e+00 0.000000e+00)
0.16375       	-4.975665e+00	(1.000000e+01 0.000000e+00 0.000000e+00)
0.164         	-4.976352e+00	(1.000000e+01 0.000000e+00 0.000000e+00)
0.16425       	-4.975535e+00	(1.000000e+01 0.000000e+00 0.000000e+00)
0.1645        	-4.975991e+00	(1.000000e+01 0.000000e+00 0.000000e+00)
0.16475       	-4.975921e+00	(1.000000e+01 0.000000e+00 0.000000e+00)
0.165         	-4.975698e+00	(1.000000e+01 0.000000e+00 0.000000e+00)
0.16525       	-4.975698e+00	(1.000000e+01 0.000000e+00 0.000000e+00)
0.1655        	-4.975310e+00	(1.000000e+01 0.000000e+00 0.000000e+00)
0.16575       	-4.976403e+00	(1.000000e+01 0.000000e+00 0.000000e+00)
0.166         	-4.974792e+00	(1.000000e+01 0.000000e+00 0.000000e+00)
0.16625       	-4.975076e+00	(1.000000e+01 0.000000e+00 0.000000e+00)
0.1665        	-4.974537e+00	(1.000000e+01 0.000000e+00 0.000000e+00)
0.16675       	-4.973594e+00	(1.000000e+01 0.000000e+00 0.000000e+00)
0.167         	-4.974833e+00	(1.000000e+01 0.000000e+00 0.000000e+00)
0.16725       	-4.974398e+00	(1.000000e+01 0.000000e+00 0.000000e+00)
0.1675        	-4.974184e+00	(1.000000e+01 0.000000e+00 0.000000e+00)
0.16775       	-4.974157e+00	(1.000000e+01 0.000000e+00 0.000000e+00)
0.168         	-4.973719e+00	(1.000000e+01 0.000000e+00 0.000000e+00)
0.16825       	-4.973866e+00	(1.000000e+01 0.000000e+00 0.000000e+00)
0.1685        	-4.973729e+00	(1.000000e+01 0.000000e+00 0.000000e+00)
0.16875       	-4.973587e+00	(1.000000e+01 0.000000e+00 0.000000e+00)
0.169         	-4.973317e+00	(1.000000e+01 0.000000e+00 0.000000e+00)
0.16925       	-4.973251e+00	(1.000000e+01 0.000000e+00 0.000000e+00)
0.1695        	-4.973402e+00	(1.000000e+01 0.000000e+00 0.000000e+00)
0.16975       	-4.972730e+00	(1.000000e+01 0.000000e+00 0.000000e+00)
0.17          	-4.972925e+00	(1.000000e+01 0.000000e+00 0.000000e+00)
0.17025       	-4.972682e+00	(1.000000e+01 0.000000e+00 0.000000e+00)
0.1705        	-4.972592e+00	(1.000000e+01 0.000000e+00 0.000000e+00)
0.17075       	-4.972639e+00	(1.000000e+01 0.000000e+00 0.000000e+00)
0.171         	-4.972548e+00	(1.000000e+01 0.000000e+00 0.000000e+00)
0.17125       	-4.972972e+00	(1.000000e+01 0.000000e+00 0.000000e+00)
0.1715        	-4.971853e+00	(1.000000e+01 0.000000e+00 0.000000e+00)
0.17175       	-4.972963e+00	(1.000000e+01 0.000000e+00 0.000000e+00)
0.172         	-4.971496e+00	(1.000000e+01 0.000000e+00 0.000000e+00)
0.17225       	-4.973154e+00	(1.000000e+01 0.000000e+00 0.000000e+00)
0.1725        	-4.970686e+00	(1.000000e+01 0.000000e+00 0.000000e+00)
0.17275       	-4.972914e+00	(1.000000e+01 0.000000e+00 0.000000e+00)
0.173         	-4.970701e+00	(1.000000e+01 0.000000e+00 0.000000e+00)
0.17325       	-4.971068e+00	(1.000000e+01 0.000000e+00 0.000000e+00)
0.1735        	-4.971179e+00	(1.000000e+01 0.000000e+00 0.000000e+00)
0.17375       	-4.971507e+00	(1.000000e+01 0.000000e+00 0.000000e+00)
0.174         	-4.971366e+00	(1.000000e+01 0.000000e+00 0.000000e+00)
0.17425       	-4.972062e+00	(1.000000e+01 0.000000e+00 0.000000e+00)
0.1745        	-4.970293e+00	(1.000000e+01 0.000000e+00 0.000000e+00)
0.17475       	-4.971656e+00	(1.000000e+01 0.000000e+00 0.000000e+00)
0.175         	-4.970176e+00	(1.000000e+01 0.000000e+00 0.000000e+00)
0.17525       	-4.970723e+00	(1.000000e+01 0.000000e+00 0.000000e+00)
0.1755        	-4.970233e+00	(1.000000e+01 0.000000e+00 0.000000e+00)
0.17575       	-4.970419e+00	(1.000000e+01 0.000000e+00 0.000000e+00)
0.176         	-4.970127e+00	(1.000000e+01 0.000000e+00 0.000000e+00)
0.17625       	-4.970338e+00	(1.000000e+01 0.000000e+00 0.000000e+00)
0.1765        	-4.970993e+00	(1.000000e+01 0.000000e+00 0.000000e+00)
0.17675       	-4.970373e+00	(1.000000e+01 0.000000e+00 0.000000e+00)
0.177         	-4.970273e+00	(1.000000e+01 0.000000e+00 0.000000e+00)
0.17725       	-4.970077e+00	(1.000000e+01 0.000000e+00 0.000000e+00)
0.1775        	-4.970301e+00	(1.000000e+01 0.000000e+00 0.000000e+00)
0.17775       	-4.970888e+00	(1.000000e+01 0.000000e+00 0.000000e+00)
0.178         	-4.970288e+00	(1.000000e+01 0.000000e+00 0.000000e+00)
0.17825       	-4.969230e+00	(1.000000e+01 0.000000e+00 0.000000e+00)
0.1785        	-4.969816e+00	(1.000000e+01 0.000000e+00 0.000000e+00)
0.17875       	-4.969694e+00	(1.000000e+01 0.000000e+00 0.000000e+00)
0.179         	-4.969221e+00	(1.000000e+01 0.000000e+00 0.000000e+00)
0.17925       	-4.969389e+00	(1.000000e+01 0.000000e+00 0.000000e+00)
0.1795        	-4.970202e+00	(1.000000e+01 0.000000e+00 0.000000e+00)
0.17975       	-4.969229e+00	(1.000000e+01 0.000000e+00 0.000000e+00)
0.18          	-4.968972e+00	(1.000000e+01 0.000000e+00 0.000000e+00)
0.18025       	-4.969593e+00	(1.000000e+01 0.000000e+00 0.000000e+00)
0.1805        	-4.969012e+00	(1.000000e+01 0.000000e+00 0.000000e+00)
0.18075       	-4.968990e+00	(1.000000e+01 0.000000e+00 0.000000e+00)
0.181         	-4.969558e+00	(1.000000e+01 0.000000e+00 0.000000e+00)
0.18125       	-4.968374e+00	(1.000000e+01 0.000000e+00 0.000000e+00)
0.1815        	-4.969717e+00	(1.000000e+01 0.000000e+00 0.000000e+00)
0.18175       	-4.968592e+00	(1.000000e+01 0.000000e+00 0.000000e+00)
0.182         	-4.968947e+00	(1.000000e+01 0.000000e+00 0.000000e+00)
0.18225       	-4.967938e+00	(1.000000e+01 0.000000e+00 0.000000e+00)
0.1825        	-4.968436e+00	(1.000000e+01 0.000000e+00 0.000000e+00)
0.18275       	-4.967619e+00	(1.000000e+01 0.000000e+00 0.000000e+00)
0.183         	-4.967851e+00	(1.000000e+01 0.000000e+00 0.000000e+00)
0.18325       	-4.968109e+00	(1.000000e+01 0.000000e+00 0.000000e+00)
0.1835        	-4.968128e+00	(1.000000e+01 0.000000e+00 0.000000e+00)
0.18375       	-4.967610e+00	(1.000000e+01 0.000000e+00 0.000000e+00)
0.184         	-4.969813e+00	(1.000000e+01 0.000000e+00 0.000000e+00)
0.18425       	-4.966983e+00	(1.000000e+01 0.000000e+00 0.000000e+00)
0.1845        	-4.967663e+00	(1.000000e+01 0.000000e+00 0.000000e+00)
0.18475       	-4.967337e+00	(1.000000e+01 0.000000e+00 0.000000e+00)
0.185         	-4.968095e+00	(1.000000e+01 0.000000e+00 0.000000e+00)
0.18525       	-4.967049e+00	(1.000000e+01 0.000000e+00 0.000000e+00)
0.1855        	-4.967877e+00	(1.000000e+01 0.000000e+00 0.000000e+00)
0.18575       	-4.966957e+00	(1.000000e+01 0.000000e+00 0.000000e+00)
0.186         	-4.967327e+00	(1.000000e+01 0.000000e+00 0.000000e+00)
0.18625       	-4.969161e+00	(1.000000e+01 0.000000e+00 0.000000e+00)
0.1865        	-4.967952e+00	(1.000000e+01 0.000000e+00 0.000000e+00)
0.18675       	-4.966836e+00	(1.000000e+01 0.000000e+00 0.000000e+00)
0.187         	-4.967558e+00	(1.000000e+01 0.000000e+00 0.000000e+00)
0.18725       	-4.967446e+00	(1.000000e+01 0.000000e+00 0.000000e+00)
0.1875        	-4.967217e+00	(1.000000e+01 0.000000e+00 0.000000e+00)
0.18775       	-4.974702e+00	(1.000000e+01 0.000000e+00 0.000000e+00)
0.188         	-4.974625e+00	(1.000000e+01 0.000000e+00 0.000000e+00)
0.18825       	-4.963618e+00	(1.000000e+01 0.000000e+00 0.000000e+00)
0.1885        	-4.969792e+00	(1.000000e+01 0.000000e+00 0.000000e+00)
0.18875       	-4.974792e+00	(1.000000e+01 0.000000e+00 0.000000e+00)
0.189         	-4.974591e+00	(1.000000e+01 0.000000e+00 0.000000e+00)
0.18925       	-4.974580e+00	(1.000000e+01 0.000000e+00 0.000000e+00)
0.1895        	-4.974605e+00	(1.000000e+01 0.000000e+00 0.000000e+00)
0.18975       	-4.974633e+00	(1.000000e+01 0.000000e+00 0.000000e+00)
0.19          	-4.973904e+00	(1.000000e+01 0.000000e+00 0.000000e+00)
0.19025       	-4.974849e+00	(1.000000e+01 0.000000e+00 0.000000e+00)
0.1905        	-4.974431e+00	(1.000000e+01 0.000000e+00 0.000000e+00)
0.19075       	-4.974641e+00	(1.000000e+01 0.000000e+00 0.000000e+00)
0.191         	-4.974482e+00	(1.000000e+01 0.000000e+00 0.000000e+00)
0.19125       	-4.974570e+00	(1.000000e+01 0.000000e+00 0.000000e+00)
0.1915        	-4.974631e+00	(1.000000e+01 0.000000e+00 0.000000e+00)
0.19175       	-4.974488e+00	(1.000000e+01 0.000000e+00 0.000000e+00)
0.192         	-4.974443e+00	(1.000000e+01 0.000000e+00 0.000000e+00)
0.19225       	-4.974387e+00	(1.000000e+01 0.000000e+00 0.000000e+00)
0.1925        	-4.974421e+00	(1.000000e+01 0.000000e+00 0.000000e+00)
0.19275       	-4.974447e+00	(1.000000e+01 0.000000e+00 0.000000e+00)
0.193         	-4.974357e+00	(1.000000e+01 0.000000e+00 0.000000e+00)
0.19325       	-4.974377e+00	(1.000000e+01 0.000000e+00 0.000000e+00)
0.1935        	-4.974268e+00	(1.000000e+01 0.000000e+00 0.000000e+00)
0.19375       	-4.974268e+00	(1.000000e+01 0.000000e+00 0.000000e+00)
0.194         	-4.974217e+00	(1.000000e+01 0.000000e+00 0.000000e+00)
0.19425       	-4.974205e+00	(1.000000e+01 0.000000e+00 0.000000e+00)
0.1945        	-4.974256e+00	(1.000000e+01 0.000000e+00 0.000000e+00)
0.19475       	-4.974194e+00	(1.000000e+01 0.000000e+00 0.000000e+00)
0.195         	-4.974101e+00	(1.000000e+01 0.000000e+00 0.000000e+00)
0.19525       	-4.974027e+00	(1.000000e+01 0.000000e+00 0.000000e+00)
0.1955        	-4.974051e+00	(1.000000e+01 0.000000e+00 0.000000e+00)
0.19575       	-4.973947e+00	(1.000000e+01 0.000000e+00 0.000000e+00)
0.196         	-4.973962e+00	(1.000000e+01 0.000000e+00 0.000000e+00)
0.19625       	-4.973893e+00	(1.000000e+01 0.000000e+00 0.000000e+00)
0.1965        	-4.973862e+00	(1.000000e+01 0.000000e+00 0.000000e+00)
0.19675       	-4.973809e+00	(1.000000e+01 0.000000e+00 0.000000e+00)
0.197         	-4.973864e+00	(1.000000e+01 0.000000e+00 0.000000e+00)
0.19725       	-4.973826e+00	(1.000000e+01 0.000000e+00 0.000000e+00)
0.1975        	-4.973662e+00	(1.000000e+01 0.000000e+00 0.000000e+00)
0.19775       	-4.973748e+00	(1.000000e+01 0.000000e+00 0.000000e+00)
0.198         	-4.973608e+00	(1.000000e+01 0.000000e+00 0.000000e+00)
0.19825       	-4.973702e+00	(1.000000e+01 0.000000e+00 0.000000e+00)
0.1985        	-4.973544e+00	(1.000000e+01 0.000000e+00 0.000000e+00)
0.19875       	-4.973518e+00	(1.000000e+01 0.000000e+00 0.000000e+00)
0.199         	-4.973430e+00	(1.000000e+01 0.000000e+00 0.000000e+00)
0.19925       	-4.973843e+00	(1.000000e+01 0.000000e+00 0.000000e+00)
0.1995        	-4.973562e+00	(1.000000e+01 0.000000e+00 0.000000e+00)
0.19975       	-4.973318e+00	(1.000000e+01 0.000000e+00 0.000000e+00)
0.2           	-4.973234e+00	(1.000000e+01 0.000000e+00 0.000000e+00)
0.20025       	-4.973250e+00	(1.000000e+01 0.000000e+00 0.000000e+00)
0.2005        	-4.973245e+00	(1.000000e+01 0.000000e+00 0.000000e+00)
0.20075       	-4.973199e+00	(1.000000e+01 0.000000e+00 0.000000e+00)
0.201         	-4.973088e+00	(1.000000e+01 0.000000e+00 0.000000e+00)
0.20125       	-4.973080e+00	(1.000000e+01 0.000000e+00 0.000000e+00)
0.2015        	-4.973476e+00	(1.000000e+01 0.000000e+00 0.000000e+00)
0.20175       	-4.973039e+00	(1.000000e+01 0.000000e+00 0.000000e+00)
0.202         	-4.972928e+00	(1.000000e+01 0.000000e+00 0.000000e+00)
0.20225       	-4.972832e+00	(1.000000e+01 0.000000e+00 0.000000e+00)
0.2025        	-4.972856e+00	(1.000000e+01 0.000000e+00 0.000000e+00)
0.20275       	-4.973141e+00	(1.000000e+01 0.000000e+00 0.000000e+00)
0.203         	-4.972872e+00	(1.000000e+01 0.000000e+00 0.000000e+00)
0.20325       	-4.972684e+00	(1.000000e+01 0.000000e+00 0.000000e+00)
0.2035        	-4.972621e+00	(1.000000e+01 0.000000e+00 0.000000e+00)
0.20375       	-4.972583e+00	(1.000000e+01 0.000000e+00 0.000000e+00)
0.204         	-4.972605e+00	(1.000000e+01 0.000000e+00 0.000000e+00)
0.20425       	-4.972485e+00	(1.000000e+01 0.000000e+00 0.000000e+00)
0.2045        	-4.972519e+00	(1.000000e+01 0.000000e+00 0.000000e+00)
0.20475       	-4.972459e+00	(1.000000e+01 0.000000e+00 0.000000e+00)
0.205         	-4.972670e+00	(1.000000e+01 0.000000e+00 0.000000e+00)
0.20525       	-4.972008e+00	(1.000000e+01 0.000000e+00 0.000000e+00)
0.2055        	-4.972396e+00	(1.000000e+01 0.000000e+00 0.000000e+00)
0.20575       	-4.972452e+00	(1.000000e+01 0.000000e+00 0.000000e+00)
0.206         	-4.972370e+00	(1.000000e+01 0.000000e+00 0.000000e+00)
0.20625       	-4.971963e+00	(1.000000e+01 0.000000e+00 0.000000e+00)
0.2065        	-4.972435e+00	(1.000000e+01 0.000000e+00 0.000000e+00)
0.20675       	-4.972073e+00	(1.000000e+01 0.000000e+00 0.000000e+00)
0.207         	-4.971943e+00	(1.000000e+01 0.000000e+00 0.000000e+00)
0.20725       	-4.971891e+00	(1.000000e+01 0.000000e+00 0.000000e+00)
0.2075        	-4.971868e+00	(1.000000e+01 0.000000e+00 0.000000e+00)
0.20775       	-4.971737e+00	(1.000000e+01 0.000000e+00 0.000000e+00)
0.208         	-4.972021e+00	(1.000000e+01 0.000000e+00 0.000000e+00)
0.20825       	-4.971806e+00	(1.000000e+01 0.000000e+00 0.000000e+00)
0.2085        	-4.971797e+00	(1.000000e+01 0.000000e+00 0.000000e+00)
0.20875       	-4.971791e+00	(1.000000e+01 0.000000e+00 0.000000e+00)
0.209         	-4.971400e+00	(1.000000e+01 0.000000e+00 0.000000e+00)
0.20925       	-4.971330e+00	(1.000000e+01 0.000000e+00 0.000000e+00)
0.2095        	-4.971716e+00	(1.000000e+01 0.000000e+00 0.000000e+00)
0.20975       	-4.971396e+00	(1.000000e+01 0.000000e+00 0.000000e+00)
0.21          	-4.971473e+00	(1.000000e+01 0.000000e+00 0.000000e+00)
0.21025       	-4.971419e+00	(1.000000e+01 0.000000e+00 0.000000e+00)
0.2105        	-4.971141e+00	(1.000000e+01 0.000000e+00 0.000000e+00)
0.21075       	-4.970701e+00	(1.000000e+01 0.000000e+00 0.000000e+00)
0.211         	-4.971158e+00	(1.000000e+01 0.000000e+00 0.000000e+00)
0.21125       	-4.970758e+00	(1.000000e+01 0.000000e+00 0.000000e+00)
0.2115        	-4.971221e+00	(1.000000e+01 0.000000e+00 0.000000e+00)
0.21175       	-4.970807e+00	(1.000000e+01 0.000000e+00 0.000000e+00)
0.212         	-4.970775e+00	(1.000000e+01 0.000000e+00 0.000000e+00)
0.21225       	-4.970578e+00	(1.000000e+01 0.000000e+00 0.000000e+00)
0.2125        	-4.970959e+00	(1.000000e+01 0.000000e+00 0.000000e+00)
0.21275       	-4.970708e+00	(1.000000e+01 0.000000e+00 0.000000e+00)
0.213         	-4.970496e+00	(1.000000e+01 0.000000e+00 0.000000e+00)
0.21325       	-4.970639e+00	(1.000000e+01 0.000000e+00 0.000000e+00)
0.2135        	-4.970301e+00	(1.000000e+01 0.000000e+00 0.000000e+00)
0.21375       	-4.970204e+00	(1.000000e+01 0.000000e+00 0.000000e+00)
0.214         	-4.970456e+00	(1.000000e+01 0.000000e+00 0.000000e+00)
0.21425       	-4.970355e+00	(1.000000e+01 0.000000e+00 0.000000e+00)
0.2145        	-4.970115e+00	(1.000000e+01 0.000000e+00 0.000000e+00)
0.21475       	-4.970274e+00	(1.000000e+01 0.000000e+00 0.000000e+00)
0.215         	-4.969941e+00	(1.000000e+01 0.000000e+00 0.000000e+00)
0.21525       	-4.969774e+00	(1.000000e+01 0.000000e+00 0.000000e+00)
0.2155        	-4.969876e+00	(1.000000e+01 0.000000e+00 0.000000e+00)
0.21575       	-4.970139e+00	(1.000000e+01 0.000000e+00 0.000000e+00)
0.216         	-4.969580e+00	(1.000000e+01 0.000000e+00 0.000000e+00)
0.21625       	-4.969951e+00	(1.000000e+01 0.000000e+00 0.000000e+00)
0.2165        	-4.969517e+00	(1.000000e+01 0.000000e+00 0.000000e+00)
0.21675       	-4.969849e+00	(1.000000e+01 0.000000e+00 0.000000e+00)
0.217         	-4.969297e+00	(1.000000e+01 0.000000e+00 0.000000e+00)
0.21725       	-4.969690e+00	(1.000000e+01 0.000000e+00 0.000000e+00)
0.2175        	-4.969139e+00	(1.000000e+01 0.000000e+00 0.000000e+00)
0.21775       	-4.969468e+00	(1.000000e+01 0.000000e+00 0.000000e+00)
0.218         	-4.969208e+00	(1.000000e+01 0.000000e+00 0.000000e+00)
0.21825       	-4.968949e+00	(1.000000e+01 0.000000e+00 0.000000e+00)
0.2185        	-4.969044e+00	(1.000000e+01 0.000000e+00 0.000000e+00)
0.21875       	-4.969218e+00	(1.000000e+01 0.000000e+00 0.000000e+00)
0.219         	-4.968846e+00	(1.000000e+01 0.000000e+00 0.000000e+00)
0.21925       	-4.969133e+00	(1.000000e+01 0.000000e+00 0.000000e+00)
0.2195        	-4.968777e+00	(1.000000e+01 0.000000e+00 0.000000e+00)
0.21975       	-4.968656e+00	(1.000000e+01 0.000000e+00 0.000000e+00)
0.22          	-4.968799e+00	(1.000000e+01 0.000000e+00 0.000000e+00)
0.22025       	-4.968763e+00	(1.000000e+01 0.000000e+00 0.000000e+00)
0.2205        	-4.968494e+00	(1.000000e+01 0.000000e+00 0.000000e+00)
0.22075       	-4.968610e+00	(1.000000e+01 0.000000e+00 0.000000e+00)
0.221         	-4.968386e+00	(1.000000e+01 0.000000e+00 0.000000e+00)
0.22125       	-4.968644e+00	(1.000000e+01 0.000000e+00 0.000000e+00)
0.2215        	-4.968061e+00	(1.000000e+01 0.000000e+00 0.000000e+00)
0.22175       	-4.968661e+00	(1.000000e+01 0.000000e+00 0.000000e+00)
0.222         	-4.967811e+00	(1.000000e+01 0.000000e+00 0.000000e+00)
0.22225       	-4.968557e+00	(1.000000e+01 0.000000e+00 0.000000e+00)
0.2225        	-4.967744e+00	(1.000000e+01 0.000000e+00 0.000000e+00)
0.22275       	-4.967478e+00	(1.000000e+01 0.000000e+00 0.000000e+00)
0.223         	-4.968116e+00	(1.000000e+01 0.000000e+00 0.000000e+00)
0.22325       	-4.967657e+00	(1.000000e+01 0.000000e+00 0.000000e+00)
0.2235        	-4.967801e+00	(1.000000e+01 0.000000e+00 0.000000e+00)
0.22375       	-4.967582e+00	(1.000000e+01 0.000000e+00 0.000000e+00)
0.224         	-4.967900e+00	(1.000000e+01 0.000000e+00 0.000000e+00)
0.22425       	-4.967665e+00	(1.000000e+01 0.000000e+00 0.000000e+00)
0.2245        	-4.967661e+00	(1.000000e+01 0.000000e+00 0.000000e+00)
0.22475       	-4.967617e+00	(1.000000e+01 0.000000e+00 0.000000e+00)
0.225         	-4.967398e+00	(1.000000e+01 0.000000e+00 0.000000e+00)
0.22525       	-4.967606e+00	(1.000000e+01 0.000000e+00 0.000000e+00)
0.2255        	-4.967228e+00	(1.000000e+01 0.000000e+00 0.000000e+00)
0.22575       	-4.967392e+00	(1.000000e+01 0.000000e+00 0.000000e+00)
0.226         	-4.967126e+00	(1.000000e+01 0.000000e+00 0.000000e+00)
0.22625       	-4.967354e+00	(1.000000e+01 0.000000e+00 0.000000e+00)
0.2265        	-4.967106e+00	(1.000000e+01 0.000000e+00 0.000000e+00)
0.22675       	-4.967027e+00	(1.000000e+01 0.000000e+00 0.000000e+00)
0.227         	-4.967183e+00	(1.000000e+01 0.000000e+00 0.000000e+00)
0.22725       	-4.967039e+00	(1.000000e+01 0.000000e+00 0.000000e+00)
0.2275        	-4.966617e+00	(1.000000e+01 0.000000e+00 0.000000e+00)
0.22775       	-4.966584e+00	(1.000000e+01 0.000000e+00 0.000000e+00)
0.228         	-4.967142e+00	(1.000000e+01 0.000000e+00 0.000000e+00)
0.22825       	-4.966722e+00	(1.000000e+01 0.000000e+00 0.000000e+00)
0.2285        	-4.966916e+00	(1.000000e+01 0.000000e+00 0.000000e+00)
0.22875       	-4.966693e+00	(1.000000e+01 0.000000e+00 0.000000e+00)
0.229         	-4.966778e+00	(1.000000e+01 0.000000e+00 0.000000e+00)
0.22925       	-4.966748e+00	(1.000000e+01 0.000000e+00 0.000000e+00)
0.2295        	-4.966339e+00	(1.000000e+01 0.000000e+00 0.000000e+00)
0.22975       	-4.966858e+00	(1.000000e+01 0.000000e+00 0.000000e+00)
0.23          	-4.966198e+00	(1.000000e+01 0.000000e+00 0.000000e+00)
0.23025       	-4.966177e+00	(1.000000e+01 0.000000e+00 0.000000e+00)
0.2305        	-4.966738e+00	(1.000000e+01 0.000000e+00 0.000000e+00)
0.23075       	-4.966085e+00	(1.000000e+01 0.000000e+00 0.000000e+00)
0.231         	-4.966726e+00	(1.000000e+01 0.000000e+00 0.000000e+00)
0.23125       	-4.965973e+00	(1.000000e+01 0.000000e+00 0.000000e+00)
0.2315        	-4.966438e+00	(1.000000e+01 0.000000e+00 0.000000e+00)
0.23175       	-4.966105e+00	(1.000000e+01 0.000000e+00 0.000000e+00)
0.232         	-4.966240e+00	(1.000000e+01 0.000000e+00 0.000000e+00)
0.23225       	-4.966292e+00	(1.000000e+01 0.000000e+00 0.000000e+00)
0.2325        	-4.966077e+00	(1.000000e+01 0.000000e+00 0.000000e+00)
0.23275       	-4.965713e+00	(1.000000e+01 0.000000e+00 0.000000e+00)
0.233         	-4.965791e+00	(1.000000e+01 0.000000e+00 0.000000e+00)
0.23325       	-4.965738e+00	(1.000000e+01 0.000000e+00 0.000000e+00)
0.2335        	-4.966286e+00	(1.000000e+01 0.000000e+00 0.000000e+00)
0.23375       	-4.965866e+00	(1.000000e+01 0.000000e+00 0.000000e+00)
0.234         	-4.966106e+00	(1.000000e+01 0.000000e+00 0.000000e+00)
0.23425       	-4.965958e+00	(1.000000e+01 0.000000e+00 0.000000e+00)
0.2345        	-4.965624e+00	(1.000000e+01 0.000000e+00 0.000000e+00)
0.23475       	-4.966058e+00	(1.000000e+01 0.000000e+00 0.000000e+00)
0.235         	-4.965695e+00	(1.000000e+01 0.000000e+00 0.000000e+00)
0.23525       	-4.965800e+00	(1.000000e+01 0.000000e+00 0.000000e+00)
0.2355        	-4.965427e+00	(1.000000e+01 0.000000e+00 0.000000e+00)
0.23575       	-4.965501e+00	(1.000000e+01 0.000000e+00 0.000000e+00)
0.236         	-4.965445e+00	(1.000000e+01 0.000000e+00 0.000000e+00)
0.23625       	-4.965900e+00	(1.000000e+01 0.000000e+00 0.000000e+00)
0.2365        	-4.965615e+00	(1.000000e+01 0.000000e+00 0.000000e+00)
0.23675       	-4.965662e+00	(1.000000e+01 0.000000e+00 0.000000e+00)
0.237         	-4.965650e+00	(1.000000e+01 0.000000e+00 0.000000e+00)
0.23725       	-4.965502e+00	(1.000000e+01 0.000000e+00 0.000000e+00)
0.2375        	-4.965601e+00	(1.000000e+01 0.000000e+00 0.000000e+00)
0.23775       	-4.965545e+00	(1.000000e+01 0.000000e+00 0.000000e+00)
0.238         	-4.965469e+00	(1.000000e+01 0.000000e+00 0.000000e+00)
0.23825       	-4.965136e+00	(1.000000e+01 0.000000e+00 0.000000e+00)
0.2385        	-4.965479e+00	(1.000000e+01 0.000000e+00 0.000000e+00)
0.23875       	-4.965438e+00	(1.000000e+01 0.000000e+00 0.000000e+00)
0.239         	-4.965397e+00	(1.000000e+01 0.000000e+00 0.000000e+00)
0.23925       	-4.965018e+00	(1.000000e+01 0.000000e+00 0.000000e+00)
0.2395        	-4.965113e+00	(1.000000e+01 0.000000e+00 0.000000e+00)
0.23975       	-4.965589e+00	(1.000000e+01 0.000000e+00 0.000000e+00)
0.24          	-4.965176e+00	(1.000000e+01 0.000000e+00 0.000000e+00)
0.24025       	-4.965249e+00	(1.000000e+01 0.000000e+00 0.000000e+00)
0.2405        	-4.965103e+00	(1.000000e+01 0.000000e+00 0.000000e+00)
0.24075       	-4.965338e+00	(1.000000e+01 0.000000e+00 0.000000e+00)
0.241         	-4.964970e+00	(1.000000e+01 0.000000e+00 0.000000e+00)
0.24125       	-4.964957e+00	(1.000000e+01 0.000000e+00 0.000000e+00)
0.2415        	-4.965380e+00	(1.000000e+01 0.000000e+00 0.000000e+00)
0.24175       	-4.965001e+00	(1.000000e+01 0.000000e+00 0.000000e+00)
0.242         	-4.965164e+00	(1.000000e+01 0.000000e+00 0.000000e+00)
0.24225       	-4.965134e+00	(1.000000e+01 0.000000e+00 0.000000e+00)
0.2425        	-4.965089e+00	(1.000000e+01 0.000000e+00 0.000000e+00)
0.24275       	-4.964951e+00	(1.000000e+01 0.000000e+00 0.000000e+00)
0.243         	-4.965177e+00	(1.000000e+01 0.000000e+00 0.000000e+00)
0.24325       	-4.964858e+00	(1.000000e+01 0.000000e+00 0.000000e+00)
0.2435        	-4.965048e+00	(1.000000e+01 0.000000e+00 0.000000e+00)
0.24375       	-4.964955e+00	(1.000000e+01 0.000000e+00 0.000000e+00)
0.244         	-4.964941e+00	(1.000000e+01 0.000000e+00 0.000000e+00)
0.24425       	-4.965044e+00	(1.000000e+01 0.000000e+00 0.000000e+00)
0.2445        	-4.964650e+00	(1.000000e+01 0.000000e+00 0.000000e+00)
0.24475       	-4.964917e+00	(1.000000e+01 0.000000e+00 0.000000e+00)
0.245         	-4.964846e+00	(1.000000e+01 0.000000e+00 0.000000e+00)
0.24525       	-4.964893e+00	(1.000000e+01 0.000000e+00 0.000000e+00)
0.2455        	-4.964853e+00	(1.000000e+01 0.000000e+00 0.000000e+00)
0.24575       	-4.964770e+00	(1.000000e+01 0.000000e+00 0.000000e+00)
0.246         	-4.964592e+00	(1.000000e+01 0.000000e+00 0.000000e+00)
0.24625       	-4.964552e+00	(1.000000e+01 0.000000e+00 0.000000e+00)
0.2465        	-4.964945e+00	(1.000000e+01 0.000000e+00 0.000000e+00)
0.24675       	-4.964688e+00	(1.000000e+01 0.000000e+00 0.000000e+00)
0.247         	-4.964540e+00	(1.000000e+01 0.000000e+00 0.000000e+00)
0.24725       	-4.964830e+00	(1.000000e+01 0.000000e+00 0.000000e+00)
0.2475        	-4.964631e+00	(1.000000e+01 0.000000e+00 0.000000e+00)
0.24775       	-4.964706e+00	(1.000000e+01 0.000000e+00 0.000000e+00)
0.248         	-4.964640e+00	(1.000000e+01 0.000000e+00 0.000000e+00)
0.24825       	-4.964435e+00	(1.000000e+01 0.000000e+00 0.000000e+00)
0.2485        	-4.964480e+00	(1.000000e+01 0.000000e+00 0.000000e+00)
0.24875       	-4.964461e+00	(1.000000e+01 0.000000e+00 0.000000e+00)
0.249         	-4.964858e+00	(1.000000e+01 0.000000e+00 0.000000e+00)
0.24925       	-4.964609e+00	(1.000000e+01 0.000000e+00 0.000000e+00)
0.2495        	-4.964685e+00	(1.000000e+01 0.000000e+00 0.000000e+00)
0.24975       	-4.964614e+00	(1.000000e+01 0.000000e+00 0.000000e+00)
0.25          	-4.964636e+00	(1.000000e+01 0.000000e+00 0.000000e+00)
0.25025       	-4.964603e+00	(1.000000e+01 0.000000e+00 0.000000e+00)
0.2505        	-4.964582e+00	(1.000000e+01 0.000000e+00 0.000000e+00)
0.25075       	-4.964606e+00	(1.000000e+01 0.000000e+00 0.000000e+00)
0.251         	-4.964625e+00	(1.000000e+01 0.000000e+00 0.000000e+00)
0.25125       	-4.964591e+00	(1.000000e+01 0.000000e+00 0.000000e+00)
0.2515        	-4.964365e+00	(1.000000e+01 0.000000e+00 0.000000e+00)
0.25175       	-4.964010e+00	(1.000000e+01 0.000000e+00 0.000000e+00)
0.252         	-4.964790e+00	(1.000000e+01 0.000000e+00 0.000000e+00)
0.25225       	-4.964435e+00	(1.000000e+01 0.000000e+00 0.000000e+00)
0.2525        	-4.964319e+00	(1.000000e+01 0.000000e+00 0.000000e+00)
0.25275       	-4.964265e+00	(1.000000e+01 0.000000e+00 0.000000e+00)
0.253         	-4.964248e+00	(1.000000e+01 0.000000e+00 0.000000e+00)
0.25325       	-4.964667e+00	(1.000000e+01 0.000000e+00 0.000000e+00)
0.2535        	-4.964375e+00	(1.000000e+01 0.000000e+00 0.000000e+00)
0.25375       	-4.964592e+00	(1.000000e+01 0.000000e+00 0.000000e+00)
0.254         	-4.964198e+00	(1.000000e+01 0.000000e+00 0.000000e+00)
0.25425       	-4.964587e+00	(1.000000e+01 0.000000e+00 0.000000e+00)
0.2545        	-4.964441e+00	(1.000000e+01 0.000000e+00 0.000000e+00)
0.25475       	-4.964354e+00	(1.000000e+01 0.000000e+00 0.000000e+00)
0.255         	-4.964164e+00	(1.000000e+01 0.000000e+00 0.000000e+00)
0.25525       	-4.964533e+00	(1.000000e+01 0.000000e+00 0.000000e+00)
0.2555        	-4.964357e+00	(1.000000e+01 0.000000e+00 0.000000e+00)
0.25575       	-4.964401e+00	(1.000000e+01 0.000000e+00 0.000000e+00)
0.256         	-4.964232e+00	(1.000000e+01 0.000000e+00 0.000000e+00)
0.25625       	-4.964180e+00	(1.000000e+01 0.000000e+00 0.000000e+00)
0.2565        	-4.964542e+00	(1.000000e+01 0.000000e+00 0.000000e+00)
0.25675       	-4.964222e+00	(1.000000e+01 0.000000e+00 0.000000e+00)
0.257         	-4.964406e+00	(1.000000e+01 0.000000e+00 0.000000e+00)
0.25725       	-4.964209e+00	(1.000000e+01 0.000000e+00 0.000000e+00)
0.2575        	-4.964404e+00	(1.000000e+01 0.000000e+00 0.000000e+00)
0.25775       	-4.964345e+00	(1.000000e+01 0.000000e+00 0.000000e+00)
0.258         	-4.964248e+00	(1.000000e+01 0.000000e+00 0.000000e+00)
0.25825       	-4.964000e+00	(1.000000e+01 0.000000e+00 0.000000e+00)
0.2585        	-4.964036e+00	(1.000000e+01 0.000000e+00 0.000000e+00)
0.25875       	-4.964001e+00	(1.000000e+01 0.000000e+00 0.000000e+00)
0.259         	-4.964485e+00	(1.000000e+01 0.000000e+00 0.000000e+00)
0.25925       	-4.964170e+00	(1.000000e+01 0.000000e+00 0.000000e+00)
0.2595        	-4.964279e+00	(1.000000e+01 0.000000e+00 0.000000e+00)
0.25975       	-4.964218e+00	(1.000000e+01 0.000000e+00 0.000000e+00)
0.26          	-4.964187e+00	(1.000000e+01 0.000000e+00 0.000000e+00)
0.26025       	-4.964184e+00	(1.000000e+01 0.000000e+00 0.000000e+00)
0.2605        	-4.964083e+00	(1.000000e+01 0.000000e+00 0.000000e+00)
0.26075       	-4.963856e+00	(1.000000e+01 0.000000e+00 0.000000e+00)
0.261         	-4.963874e+00	(1.000000e+01 0.000000e+00 0.000000e+00)
0.26125       	-4.963857e+00	(1.000000e+01 0.000000e+00 0.000000e+00)
0.2615        	-4.963826e+00	(1.000000e+01 0.000000e+00 0.000000e+00)
0.26175       	-4.964359e+00	(1.000000e+01 0.000000e+00 0.000000e+00)
0.262         	-4.963902e+00	(1.000000e+01 0.000000e+00 0.000000e+00)
0.26225       	-4.964141e+00	(1.000000e+01 0.000000e+00 0.000000e+00)
0.2625        	-4.963952e+00	(1.000000e+01 0.000000e+00 0.000000e+00)
0.26275       	-4.964124e+00	(1.000000e+01 0.000000e+00 0.000000e+00)
0.263         	-4.964001e+00	(1.000000e+01 0.000000e+00 0.000000e+00)
0.26325       	-4.964079e+00	(1.000000e+01 0.000000e+00 0.000000e+00)
0.2635        	-4.963962e+00	(1.000000e+01 0.000000e+00 0.000000e+00)
0.26375       	-4.964003e+00	(1.000000e+01 0.000000e+00 0.000000e+00)
0.264         	-4.963809e+00	(1.000000e+01 0.000000e+00 0.000000e+00)
0.26425       	-4.963673e+00	(1.000000e+01 0.000000e+00 0.000000e+00)
0.2645        	-4.963657e+00	(1.000000e+01 0.000000e+00 0.000000e+00)
0.26475       	-4.963643e+00	(1.000000e+01 0.000000e+00 0.000000e+00)
0.265         	-4.963630e+00	(1.000000e+01 0.000000e+00 0.000000e+00)
0.26525       	-4.963582e+00	(1.000000e+01 0.000000e+00 0.000000e+00)
0.2655        	-4.964140e+00	(1.000000e+01 0.000000e+00 0.000000e+00)
0.26575       	-4.963665e+00	(1.000000e+01 0.000000e+00 0.000000e+00)
0.266         	-4.964010e+00	(1.000000e+01 0.000000e+00 0.000000e+00)
0.26625       	-4.963508e+00	(1.000000e+01 0.000000e+00 0.000000e+00)
0.2665        	-4.963864e+00	(1.000000e+01 0.000000e+00 0.000000e+00)
0.26675       	-4.963802e+00	(1.000000e+01 0.000000e+00 0.000000e+00)
0.267         	-4.963847e+00	(1.000000e+01 0.000000e+00 0.000000e+00)
0.26725       	-4.963600e+00	(1.000000e+01 0.000000e+00 0.000000e+00)
0.2675        	-4.963710e+00	(1.000000e+01 0.000000e+00 0.000000e+00)
0.26775       	-4.963636e+00	(1.000000e+01 0.000000e+00 0.000000e+00)
0.268         	-4.963396e+00	(1.000000e+01 0.000000e+00 0.000000e+00)
0.26825       	-4.963407e+00	(1.000000e+01 0.000000e+00 0.000000e+00)
0.2685        	-4.963358e+00	(1.000000e+01 0.000000e+00 0.000000e+00)
0.26875       	-4.963874e+00	(1.000000e+01 0.000000e+00 0.000000e+00)
0.269         	-4.963562e+00	(1.000000e+01 0.000000e+00 0.000000e+00)
0.26925       	-4.963600e+00	(1.000000e+01 0.000000e+00 0.000000e+00)
0.2695        	-4.963523e+00	(1.000000e+01 0.000000e+00 0.000000e+00)
0.26975       	-4.963540e+00	(1.000000e+01 0.000000e+00 0.000000e+00)
0.27          	-4.963474e+00	(1.000000e+01 0.000000e+00 0.000000e+00)
0.27025       	-4.963707e+00	(1.000000e+01 0.000000e+00 0.000000e+00)
0.2705        	-4.963508e+00	(1.000000e+01 0.000000e+00 0.000000e+00)
0.27075       	-4.963469e+00	(1.000000e+01 0.000000e+00 0.000000e+00)
0.271         	-4.963435e+00	(1.000000e+01 0.000000e+00 0.000000e+00)
0.27125       	-4.963429e+00	(1.000000e+01 0.000000e+00 0.000000e+00)
0.2715        	-4.963407e+00	(1.000000e+01 0.000000e+00 0.000000e+00)
0.27175       	-4.963205e+00	(1.000000e+01 0.000000e+00 0.000000e+00)
0.272         	-4.963215e+00	(1.000000e+01 0.000000e+00 0.000000e+00)
0.27225       	-4.963164e+00	(1.000000e+01 0.000000e+00 0.000000e+00)
0.2725        	-4.963544e+00	(1.000000e+01 0.000000e+00 0.000000e+00)
0.27275       	-4.963448e+00	(1.000000e+01 0.000000e+00 0.000000e+00)
0.273         	-4.963362e+00	(1.000000e+01 0.000000e+00 0.000000e+00)
0.27325       	-4.963243e+00	(1.000000e+01 0.000000e+00 0.000000e+00)
0.2735        	-4.963289e+00	(1.000000e+01 0.000000e+00 0.000000e+00)
0.27375       	-4.963216e+00	(1.000000e+01 0.000000e+00 0.000000e+00)
0.274         	-4.963404e+00	(1.000000e+01 0.000000e+00 0.000000e+00)
0.27425       	-4.963219e+00	(1.000000e+01 0.000000e+00 0.000000e+00)
0.2745        	-4.963351e+00	(1.000000e+01 0.000000e+00 0.000000e+00)
0.27475       	-4.963138e+00	(1.000000e+01 0.000000e+00 0.000000e+00)
0.275         	-4.963264e+00	(1.000000e+01 0.000000e+00 0.000000e+00)
0.27525       	-4.963197e+00	(1.000000e+01 0.000000e+00 0.000000e+00)
0.2755        	-4.963137e+00	(1.000000e+01 0.000000e+00 0.000000e+00)
0.27575       	-4.963018e+00	(1.000000e+01 0.000000e+00 0.000000e+00)
0.276         	-4.962869e+00	(1.000000e+01 0.000000e+00 0.000000e+00)
0.27625       	-4.962863e+00	(1.000000e+01 0.000000e+00 0.000000e+00)
0.2765        	-4.962752e+00	(1.000000e+01 0.000000e+00 0.000000e+00)
0.27675       	-4.962779e+00	(1.000000e+01 0.000000e+00 0.000000e+00)
0.277         	-4.962748e+00	(1.000000e+01 0.000000e+00 0.000000e+00)
0.27725       	-4.963245e+00	(1.000000e+01 0.000000e+00 0.000000e+00)
0.2775        	-4.962757e+00	(1.000000e+01 0.000000e+00 0.000000e+00)
0.27775       	-4.962998e+00	(1.000000e+01 0.000000e+00 0.000000e+00)
0.278         	-4.962829e+00	(1.000000e+01 0.000000e+00 0.000000e+00)
0.27825       	-4.962709e+00	(1.000000e+01 0.000000e+00 0.000000e+00)
0.2785        	-4.962620e+00	(1.000000e+01 0.000000e+00 0.000000e+00)
0.27875       	-4.962619e+00	(1.000000e+01 0.000000e+00 0.000000e+00)
0.279         	-4.962535e+00	(1.000000e+01 0.000000e+00 0.000000e+00)
0.27925       	-4.962507e+00	(1.000000e+01 0.000000e+00 0.000000e+00)
0.2795        	-4.963115e+00	(1.000000e+01 0.000000e+00 0.000000e+00)
0.27975       	-4.962719e+00	(1.000000e+01 0.000000e+00 0.000000e+00)
0.28          	-4.962795e+00	(1.000000e+01 0.000000e+00 0.000000e+00)
0.28025       	-4.962806e+00	(1.000000e+01 0.000000e+00 0.000000e+00)
0.2805        	-4.962556e+00	(1.000000e+01 0.000000e+00 0.000000e+00)
0.28075       	-4.962812e+00	(1.000000e+01 0.000000e+00 0.000000e+00)
0.281         	-4.962692e+00	(1.000000e+01 0.000000e+00 0.000000e+00)
0.28125       	-4.962608e+00	(1.000000e+01 0.000000e+00 0.000000e+00)
0.2815        	-4.962522e+00	(1.000000e+01 0.000000e+00 0.000000e+00)
0.28175       	-4.962527e+00	(1.000000e+01 0.000000e+00 0.000000e+00)
0.282         	-4.962492e+00	(1.000000e+01 0.000000e+00 0.000000e+00)
0.28225       	-4.962219e+00	(1.000000e+01 0.000000e+00 0.000000e+00)
0.2825        	-4.962766e+00	(1.000000e+01 0.000000e+00 0.000000e+00)
0.28275       	-4.962411e+00	(1.000000e+01 0.000000e+00 0.000000e+00)
0.283         	-4.962513e+00	(1.000000e+01 0.000000e+00 0.000000e+00)
0.28325       	-4.962314e+00	(1.000000e+01 0.000000e+00 0.000000e+00)
0.2835        	-4.962393e+00	(1.000000e+01 0.000000e+00 0.000000e+00)
0.28375       	-4.962297e+00	(1.000000e+01 0.000000e+00 0.000000e+00)
0.284         	-4.962548e+00	(1.000000e+01 0.000000e+00 0.000000e+00)
0.28425       	-4.962349e+00	(1.000000e+01 0.000000e+00 0.000000e+00)
0.2845        	-4.962293e+00	(1.000000e+01 0.000000e+00 0.000000e+00)
0.28475       	-4.962235e+00	(1.000000e+01 0.000000e+00 0.000000e+00)
0.285         	-4.962242e+00	(1.000000e+01 0.000000e+00 0.000000e+00)
0.28525       	-4.962225e+00	(1.000000e+01 0.000000e+00 0.000000e+00)
0.2855        	-4.961962e+00	(1.000000e+01 0.000000e+00 0.000000e+00)
0.28575       	-4.961985e+00	(1.000000e+01 0.000000e+00 0.000000e+00)
0.286         	-4.961958e+00	(1.000000e+01 0.000000e+00 0.000000e+00)
0.28625       	-4.961940e+00	(1.000000e+01 0.000000e+00 0.000000e+00)
0.2865        	-4.962327e+00	(1.000000e+01 0.000000e+00 0.000000e+00)
0.28675       	-4.962016e+00	(1.000000e+01 0.000000e+00 0.000000e+00)
0.287         	-4.962094e+00	(1.000000e+01 0.000000e+00 0.000000e+00)
0.28725       	-4.962137e+00	(1.000000e+01 0.000000e+00 0.000000e+00)
0.2875        	-4.962017e+00	(1.000000e+01 0.000000e+00 0.000000e+00)
0.28775       	-4.961995e+00	(1.000000e+01 0.000000e+00 0.000000e+00)
0.288         	-4.962002e+00	(1.000000e+01 0.000000e+00 0.000000e+00)
0.28825       	-4.961821e+00	(1.000000e+01 0.000000e+00 0.000000e+00)
0.2885        	-4.961895e+00	(1.000000e+01 0.000000e+00 0.000000e+00)
0.28875       	-4.961821e+00	(1.000000e+01 0.000000e+00 0.000000e+00)
0.289         	-4.961614e+00	(1.000000e+01 0.000000e+00 0.000000e+00)
0.28925       	-4.961626e+00	(1.000000e+01 0.000000e+00 0.000000e+00)
0.2895        	-4.961600e+00	(1.000000e+01 0.000000e+00 0.000000e+00)
0.28975       	-4.962079e+00	(1.000000e+01 0.000000e+00 0.000000e+00)
0.29          	-4.961708e+00	(1.000000e+01 0.000000e+00 0.000000e+00)
0.29025       	-4.961743e+00	(1.000000e+01 0.000000e+00 0.000000e+00)
0.2905        	-4.961751e+00	(1.000000e+01 0.000000e+00 0.000000e+00)
0.29075       	-4.961599e+00	(1.000000e+01 0.000000e+00 0.000000e+00)
0.291         	-4.961594e+00	(1.000000e+01 0.000000e+00 0.000000e+00)
0.29125       	-4.961541e+00	(1.000000e+01 0.000000e+00 0.000000e+00)
0.2915        	-4.961664e+00	(1.000000e+01 0.000000e+00 0.000000e+00)
0.29175       	-4.961524e+00	(1.000000e+01 0.000000e+00 0.000000e+00)
0.292         	-4.961493e+00	(1.000000e+01 0.000000e+00 0.000000e+00)
0.29225       	-4.961483e+00	(1.000000e+01 0.000000e+00 0.000000e+00)
0.2925        	-4.961447e+00	(1.000000e+01 0.000000e+00 0.000000e+00)
0.29275       	-4.961263e+00	(1.000000e+01 0.000000e+00 0.000000e+00)
0.293         	-4.961685e+00	(1.000000e+01 0.000000e+00 0.000000e+00)
0.29325       	-4.961358e+00	(1.000000e+01 0.000000e+00 0.000000e+00)
0.2935        	-4.961456e+00	(1.000000e+01 0.000000e+00 0.000000e+00)
0.29375       	-4.961412e+00	(1.000000e+01 0.000000e+00 0.000000e+00)
0.294         	-4.961323e+00	(1.000000e+01 0.000000e+00 0.000000e+00)
0.29425       	-4.961303e+00	(1.000000e+01 0.000000e+00 0.000000e+00)
0.2945        	-4.961293e+00	(1.000000e+01 0.000000e+00 0.000000e+00)
0.29475       	-4.961231e+00	(1.000000e+01 0.000000e+00 0.000000e+00)
0.295         	-4.961356e+00	(1.000000e+01 0.000000e+00 0.000000e+00)
0.29525       	-4.961211e+00	(1.000000e+01 0.000000e+00 0.000000e+00)
0.2955        	-4.961301e+00	(1.000000e+01 0.000000e+00 0.000000e+00)
0.29575       	-4.961198e+00	(1.000000e+01 0.000000e+00 0.000000e+00)
0.296         	-4.961167e+00	(1.000000e+01 0.000000e+00 0.000000e+00)
0.29625       	-4.961147e+00	(1.000000e+01 0.000000e+00 0.000000e+00)
0.2965        	-4.961128e+00	(1.000000e+01 0.000000e+00 0.000000e+00)
0.29675       	-4.960988e+00	(1.000000e+01 0.000000e+00 0.000000e+00)
0.297         	-4.960971e+00	(1.000000e+01 0.000000e+00 0.000000e+00)
0.29725       	-4.960960e+00	(1.000000e+01 0.000000e+00 0.000000e+00)
0.2975        	-4.960942e+00	(1.000000e+01 0.000000e+00 0.000000e+00)
0.29775       	-4.960925e+00	(1.000000e+01 0.000000e+00 0.000000e+00)
0.298         	-4.960907e+00	(1.000000e+01 0.000000e+00 0.000000e+00)
0.29825       	-4.960836e+00	(1.000000e+01 0.000000e+00 0.000000e+00)
0.2985        	-4.960829e+00	(1.000000e+01 0.000000e+00 0.000000e+00)
0.29875       	-4.960818e+00	(1.000000e+01 0.000000e+00 0.000000e+00)
0.299         	-4.960800e+00	(1.000000e+01 0.000000e+00 0.000000e+00)
0.29925       	-4.960776e+00	(1.000000e+01 0.000000e+00 0.000000e+00)
0.2995        	-4.960761e+00	(1.000000e+01 0.000000e+00 0.000000e+00)
0.29975       	-4.960745e+00	(1.000000e+01 0.000000e+00 0.000000e+00)
0.3           	-4.960730e+00	(1.000000e+01 0.000000e+00 0.000000e+00)
